1 386093
2 332101
3 191636
4 169491
5 299122
6 246382
7 259278
8 347753
9 371112
10 347588
11 246382
12 292872
13 255918
15 255057
16 121832
18 103917
19 120039
20 158529
21 121832
22 121832
23 103884
24 112637
25 112259
26 171308
27 140847
28 121896
31 323736
32 303359
33 376274
34 347274
35 309750
36 417173
37 383652
38 309307
39 125210
40 319369
41 304612
42 284861
43 119272
44 112269
45 103043
46 112978
47 117617
48 106167
49 117617
50 106167
51 149204
52 117160
53 103043
54 103043
55 86475
56 315532
57 97804
58 117160
59 119272
60 303215
61 106167
62 154533
63 106723
64 154533
65 117013
66 154533
67 154533
68 127055
69 123532
70 101297
71 154533
72 121818
73 117013
74 279383
75 342779
76 342779
77 110111
78 374358
79 122653
80 151384
81 127159
82 98104
83 112269
84 89227
85 344481
86 427483
87 270540
88 358250
89 323857
90 265405
91 223275
92 291271
93 235803
94 96365
97 289614
98 379202
99 119162
100 123949
101 123949
102 245249
103 253885
104 402224
105 298650
107 337293
108 324126
109 337293
110 334829
111 324280
112 333767
113 323098
114 336223
115 216364
116 119624
117 119624
118 371441
121 315335
122 303215
126 315335
127 325241
128 325241
129 387852
130 312693
132 287979
134 312545
135 325037
136 307946
137 391632
138 320060
139 330629
143 156758
144 124978
145 144368
146 144368
147 345855
148 133840
149 120811
150 128561
151 133840
153 109657
155 380246
156 336431
157 94448
158 98104
159 111147
160 86475
161 114665
162 119272
163 117160
164 324524
165 391425
166 337546
167 263609
168 301673
169 319597
170 335080
171 239759
175 308875
176 329622
177 383115
181 321269
182 318922
183 383115
184 309279
185 284744
186 304729
187 230702
189 313227
190 279383
191 346322
192 229924
193 290356
194 270576
195 285213
196 223248
198 376274
199 336949
200 380832
201 310948
202 343969
203 332804
204 322319
205 317426
206 343969
207 322319
208 332804
209 104716
210 103359
211 117101
212 129380
213 99508
214 99508
215 118284
216 117101
217 99508
219 323736
220 303215
221 313227
222 255484
223 255484
224 315532
225 365897
226 271420
227 376274
228 327472
229 338285
230 122130
231 152876
232 122130
233 152876
234 121719
235 327628
236 111080
237 301733
238 303359
240 298754
241 103525
242 103874
243 316328
244 105238
245 331652
246 130025
247 397925
248 367218
250 387599
251 376908
252 293293
253 332021
254 334255
256 387851
257 321408
258 343160
259 334255
260 153348
261 120414
262 153348
263 120414
264 332728
265 226178
266 376274
267 376274
268 255484
269 303359
270 313227
271 315532
272 214929
273 222497
274 252930
275 279452
276 214929
277 223248
278 365897
280 279383
281 262939
282 374213
283 310106
284 277588
285 322501
286 320346
287 380533
288 310704
289 325756
290 325756
291 391325
292 107165
293 101684
294 119252
295 92797
296 196786
297 223248
298 298754
300 313227
303 376274
304 322667
305 345040
306 434570
307 434570
308 364189
311 373892
312 364418
313 350358
314 350192
315 364418
318 292927
320 329251
321 329045
322 329251
323 381806
324 381806
325 316398
326 376274
327 298754
328 303215
329 303215
332 372316
333 321068
334 318723
335 382875
336 226471
337 320993
338 348540
339 375587
340 390414
341 345902
342 400816
343 375409
344 375409
345 375409
346 99955
347 114388
348 101267
349 99955
350 308936
351 88107
353 96230
354 96230
355 113244
356 96230
357 114388
358 101267
359 99618
360 99955
362 143131
363 161832
364 147687
365 156327
366 183968
367 185825
368 143131
369 162378
370 185825
372 164510
373 147687
374 351621
376 142190
377 112703
378 123570
382 385681
384 141557
385 159899
386 174899
387 139253
388 134517
390 366652
392 128649
393 104124
394 102775
395 316398
396 291530
397 272282
398 291602
401 316398
402 349649
403 261754
404 408443
405 352001
406 333493
407 95875
408 165422
409 106840
410 136150
411 123228
412 127129
413 165422
415 338751
416 420173
417 333608
418 311977
419 338590
420 372801
421 329844
422 321641
423 319492
424 96462
425 341116
426 120159
427 121372
428 96462
429 340902
430 297703
431 95078
432 119631
434 344964
437 90155
438 103621
439 93024
440 128027
441 119545
442 90155
443 128027
444 98467
445 117047
446 103621
447 101934
448 101934
450 122680
451 109704
454 122439
455 104755
456 106130
457 131127
458 122439
459 104402
460 92338
461 104402
462 92338
463 122439
464 92338
465 95277
466 106130
467 95277
468 92338
469 100851
470 92338
471 160014
472 127402
474 97101
475 121824
476 106128
477 102486
478 303733
479 96022
480 113000
481 90715
482 271945
483 285041
484 219227
485 539559
486 417173
487 336173
488 385651
489 385651
490 395677
492 365144
496 240097
497 326254
498 404672
503 346868
505 245573
507 326556
508 117047
509 107428
510 128027
511 128027
512 90155
513 119545
515 101934
516 103621
517 114560
518 99769
519 113415
520 114560
521 101420
522 101420
523 383953
524 114560
525 117005
526 101420
527 443173
528 443451
529 302062
530 443451
531 274456
533 324180
534 213534
535 408297
536 283144
537 360524
538 332703
539 284442
540 218767
541 218767
542 238675
543 248820
544 321284
545 285100
546 414683
547 343644
548 354991
549 357379
550 343644
551 357379
555 303215
556 315532
557 196786
558 349127
559 337794
560 309814
561 309666
562 99854
563 330624
564 285327
565 117105
566 96457
568 322044
569 322044
570 322246
571 373682
572 285327
573 88315
574 99854
576 322044
577 309666
578 330624
579 385025
580 285880
581 331264
582 305702
583 310414
584 328639
585 323650
586 302739
588 302664
589 302664
590 302664
591 232840
592 219970
594 237566
595 294038
598 276774
599 213185
600 99955
601 113244
602 96230
603 99955
604 88107
605 99618
606 403863
607 348272
608 308372
609 315532
610 303359
611 303215
612 303215
613 308372
614 280258
615 105467
616 109549
617 109180
618 125367
619 110987
622 96564
623 128043
624 124114
626 105467
627 353851
628 353851
629 342365
630 344668
631 344668
633 326545
635 331579
636 330210
637 200722
638 309279
639 309426
640 330210
642 373215
645 289215
647 322990
648 335900
649 344849
650 333655
651 336111
652 318238
653 290339
654 391030
655 315256
656 271169
657 265503
658 211012
659 290411
660 223357
662 125308
663 117005
664 119551
666 309550
667 321972
668 319620
669 119551
670 125308
671 129954
672 96365
673 97804
674 106167
675 119272
676 103043
677 106167
678 112978
679 117617
680 149204
681 106669
682 99757
683 117160
684 103043
685 117160
686 326801
687 289360
688 118761
689 101265
690 127187
691 118761
692 102941
693 324414
694 127187
695 127187
696 118761
698 96365
699 112978
700 96365
701 97804
702 97804
703 96365
704 303359
705 376274
706 323736
708 98117
709 88047
710 119756
711 115032
712 99582
713 108098
714 115032
715 104916
717 151917
718 99582
719 124904
720 386225
721 207718
722 294904
723 238744
724 341721
725 231475
726 234931
727 247515
728 255020
729 358397
730 315351
731 329507
737 338286
738 329507
739 329714
740 327305
741 329714
742 329714
745 382342
746 338286
747 329507
748 110174
749 110174
750 101495
751 106931
752 121581
753 101495
754 308561
755 348400
756 345855
757 415469
758 357458
759 308485
760 348400
762 279277
763 365897
764 279160
765 226178
767 303359
768 257096
769 376274
770 318320
772 318320
774 199986
778 305110
779 346758
780 262566
781 365897
782 315532
783 303215
784 315335
785 303215
788 330210
789 373215
790 284970
791 321843
792 321641
793 284970
794 330210
795 309426
796 304729
797 309426
798 311869
799 352001
800 361379
801 349649
802 235585
803 381467
805 381467
806 291271
807 224075
808 235803
809 392286
811 316268
812 107801
813 97848
814 104628
815 121107
816 119427
817 118962
818 121107
819 151499
820 114716
822 97848
823 114716
824 112857
825 95901
827 291530
828 322654
830 349634
831 327472
832 322654
833 322654
835 340775
836 395169
838 327628
839 406376
840 338285
841 340775
842 301733
843 386608
844 315664
845 386608
846 267247
847 99649
848 104987
849 98183
850 121522
851 304391
852 284654
853 319137
854 319137
855 327628
856 395169
857 406376
858 322654
859 330480
860 330480
861 309532
862 309679
863 319753
864 322106
865 309532
866 330480
867 285203
868 249835
870 265861
872 269832
873 209971
874 230859
875 326289
876 323905
878 323905
879 313701
880 261553
881 276779
882 233889
883 135289
884 353175
885 312908
886 362584
888 339762
890 206453
891 135331
892 146903
893 169920
896 334604
897 333221
898 297215
899 400292
900 344400
901 333221
902 315493
903 116760
904 101684
905 101684
906 325756
907 98226
908 328154
909 290558
911 239749
913 333393
914 320378
915 397573
916 315664
917 320378
918 333184
919 330957
921 235303
922 223600
923 317360
924 280007
927 267275
928 232766
929 292277
930 232766
931 245311
932 327684
933 317360
934 327684
935 232766
936 317210
938 233552
939 376274
940 323736
941 376274
942 323736
943 303215
944 303359
945 376274
947 196786
948 203049
949 376274
950 313227
951 303359
952 313227
953 303215
955 313227
956 279383
957 303215
958 372673
959 284556
961 319028
962 372673
963 308830
964 218909
965 214764
966 331298
967 333736
970 295501
971 315990
972 343556
974 343556
976 334641
977 343556
978 388299
979 334851
980 343556
983 94375
984 91464
986 404672
987 243248
988 321301
989 314075
990 331506
991 384661
992 314075
993 318916
995 265901
996 328639
997 396389
998 105954
999 350714
1000 341612
1001 105954
1002 122393
1003 341827
1004 328483
1005 350714
1006 328483
1007 302664
1008 407630
1009 350714
1010 323650
1011 341612
1012 302664
1013 126923
1014 350714
1015 302664
1016 396389
1018 350714
1019 302664
1020 328753
1021 326556
1022 316268
1023 231965
1024 316268
1025 328753
1026 365897
1027 315335
1028 279383
1029 315532
1030 391450
1031 103314
1032 103314
1033 112149
1034 103314
1036 119343
1037 103314
1038 119343
1039 108848
1041 129585
1042 124244
1044 123760
1045 101794
1046 123760
1047 101794
1048 112149
1052 112149
1054 112149
1055 124244
1056 101794
1057 125992
1058 103314
1059 119343
1060 108848
1061 112149
1062 132984
1063 106024
1066 111703
1067 313144
1068 314201
1070 381998
1071 314201
1072 477862
1074 289925
1075 250715
1076 327439
1077 310028
1078 289925
1081 289925
1082 327439
1083 390473
1084 327439
1085 365897
1086 279383
1087 196786
1088 313227
1091 410481
1092 344217
1093 120399
1094 156664
1095 102694
1096 108195
1097 156664
1098 111476
1099 101184
1100 123498
1101 123498
1102 108195
1103 93689
1104 335631
1105 330536
1106 404822
1107 349100
1108 309104
1109 346549
1111 395098
1113 410890
1114 289920
1115 421837
1116 389285
1117 395098
1118 431147
1119 254944
1120 431147
1121 358906
1122 419257
1123 358906
1124 126418
1125 129168
1126 164497
1127 129673
1128 113605
1129 284371
1130 308630
1131 284371
1133 321167
1134 318821
1135 308630
1137 362932
1138 349149
1140 348983
1141 284462
1142 372550
1143 321269
1144 304186
1145 321269
1146 318922
1147 372550
1148 308875
1149 304186
1150 308728
1151 318922
1152 257529
1153 226542
1154 304186
1155 360524
1156 348821
1157 343506
1158 329412
1159 338188
1160 315532
1161 341612
1162 396389
1163 302664
1164 350714
1165 323650
1166 407630
1167 396389
1168 341612
1169 323650
1170 341612
1171 328483
1172 341612
1173 323650
1174 285327
1175 322246
1176 309666
1177 322246
1178 330210
1180 309279
1181 321843
1182 383800
1183 330210
1184 285041
1185 230702
1186 373215
1187 226947
1188 304729
1189 330210
1191 322044
1192 373682
1193 330624
1194 319892
1198 373364
1199 285084
1200 383953
1201 309403
1202 127785
1203 124242
1204 122041
1205 100380
1206 107336
1208 101879
1209 110591
1210 122041
1211 149204
1212 106167
1213 112978
1214 97804
1215 149204
1216 117617
1217 122674
1218 124638
1219 120189
1220 126885
1222 104047
1223 102516
1224 130504
1225 102516
1226 158728
1227 312131
1228 382281
1229 327252
1230 316792
1231 382281
1232 291892
1233 291892
1234 291892
1235 291892
1237 291892
1238 312131
1239 291892
1240 338231
1241 316942
1243 327252
1244 329454
1246 376274
1247 323736
1248 313227
1249 303359
1250 323736
1251 315335
1252 260937
1253 313227
1254 315532
1257 356731
1259 345328
1260 318186
1261 359131
1262 345328
1263 368699
1264 345328
1265 428534
1266 340247
1267 315335
1268 456904
1270 382906
1271 383146
1273 444304
1274 456904
1275 362772
1276 406990
1277 350163
1278 350163
1279 350163
1281 392801
1282 392988
1283 361927
1284 408502
1285 303359
1286 279383
1287 323736
1288 279383
1290 333695
1291 402487
1292 349829
1293 349610
1294 341597
1295 423904
1296 300428
1297 412213
1298 347137
1299 364715
1300 341597
1301 341597
1304 412213
1305 355250
1306 341759
1307 352876
1308 336571
1310 328205
1311 391632
1312 391632
1313 310948
1314 328411
1315 391632
1316 310948
1317 353096
1318 339312
1319 350516
1320 391574
1321 346454
1322 337675
1323 255030
1324 250070
1325 305220
1326 318594
1327 345936
1328 250070
1329 224405
1330 321486
1331 304391
1332 372801
1333 321486
1334 383374
1335 372801
1336 308936
1338 309083
1339 321284
1341 284654
1342 389503
1343 389503
1344 318028
1347 318028
1348 335679
1349 297407
1350 97774
1351 112269
1352 99391
1353 98104
1355 93782
1356 97633
1357 106635
1358 100741
1359 138502
1360 334337
1361 423654
1362 492408
1363 334337
1364 400416
1365 125483
1366 134387
1367 328483
1368 232840
1369 328639
1370 339330
1373 302664
1374 336685
1375 325756
1376 380533
1377 315344
1378 290558
1379 325756
1380 391325
1382 315344
1383 336685
1384 310704
1385 328154
1386 93127
1387 101713
1388 96091
1389 405218
1390 348638
1392 114515
1393 91931
1394 116401
1395 120710
1396 116401
1397 100768
1398 99285
1399 106165
1400 153725
1401 120710
1402 291023
1406 291023
1407 282964
1409 327886
1410 381098
1411 381098
1412 319578
1413 208002
1414 323228
1415 323228
1416 323228
1418 334044
1419 377267
1420 377267
1421 320993
1422 135025
1423 121881
1424 121881
1425 140830
1426 112280
1427 118294
1428 110628
1429 316360
1430 329055
1431 381578
1432 329055
1433 326651
1434 381578
1435 337610
1436 326651
1438 329055
1439 291356
1440 316360
1441 381578
1442 316360
1443 291356
1444 314807
1445 327439
1446 314657
1447 289925
1448 327439
1450 314807
1451 358515
1452 239227
1453 320861
1454 320861
1455 295501
1456 387007
1457 295501
1459 331298
1460 320708
1461 333527
1462 331298
1463 387007
1464 331298
1465 124746
1466 129869
1468 135452
1469 124746
1470 129869
1471 124746
1472 117227
1473 134500
1474 140977
1475 112244
1476 121881
1477 121881
1478 134500
1479 110628
1480 121881
1481 129699
1482 140830
1483 230335
1484 376659
1485 287600
1486 312133
1487 312281
1488 376659
1489 324813
1491 333257
1492 324813
1493 287600
1494 387341
1495 387341
1496 312281
1497 324813
1498 322440
1499 397982
1500 283096
1501 397982
1502 248016
1503 387007
1504 315990
1505 237745
1506 216234
1508 322904
1509 228885
1510 389657
1511 336021
1512 333567
1513 333567
1514 237019
1515 361581
1516 269354
1517 236945
1518 322904
1519 322904
1520 335995
1521 336155
1522 358734
1524 132166
1525 165334
1527 114183
1530 382916
1531 312649
1532 338793
1533 330208
1534 451529
1535 388483
1536 271414
1537 358505
1539 316679
1540 332021
1541 332021
1542 235847
1543 334464
1544 332021
1545 343160
1546 316679
1547 270813
1549 236643
1550 334464
1551 398851
1552 321408
1553 159151
1554 124970
1556 124970
1557 109912
1558 104324
1559 462479
1560 318926
1561 318926
1562 107022
1564 130847
1565 115081
1566 131358
1568 127027
1569 120585
1570 120585
1571 101444
1572 343160
1573 334255
1574 316679
1576 398851
1578 334255
1579 128318
1580 163414
1582 514901
1583 153632
1584 129244
1585 122101
1586 136009
1587 431781
1588 428627
1589 265310
1590 310244
1592 308174
1593 303496
1594 101925
1595 124403
1596 105125
1598 119086
1599 92652
1600 101194
1601 101194
1602 95601
1604 405513
1605 340052
1606 219814
1607 231319
1609 285732
1610 380815
1612 380815
1614 454124
1615 309099
1617 357681
1618 468441
1619 403709
1620 388192
1622 325047
1623 289925
1624 325047
1627 330480
1628 285203
1629 315532
1630 370772
1631 385409
1632 325167
1633 403516
1634 335904
1636 338164
1637 299609
1639 335904
1640 347173
1641 320383
1642 304729
1644 319906
1645 332535
1646 341394
1647 332743
1648 332535
1649 338693
1651 328154
1653 290558
1654 380533
1655 353553
1656 331143
1657 115954
1659 316819
1661 402487
1662 346868
1663 246534
1664 306246
1665 345655
1666 345655
1667 332370
1668 332370
1669 354873
1670 440170
1671 369113
1672 349486
1673 369113
1674 354873
1675 354704
1676 428031
1677 369113
1678 326825
1679 369113
1680 369113
1682 440170
1683 382086
1684 269060
1685 470439
1686 405684
1687 470439
1688 359206
1689 327684
1690 312542
1691 312542
1692 329888
1693 317210
1696 292277
1698 393641
1700 338677
1701 317210
1702 338677
1703 393641
1704 338677
1705 366320
1706 378237
1708 390926
1709 394192
1710 292686
1711 383321
1712 312980
1713 328143
1714 117140
1715 371644
1717 369161
1718 101917
1719 115233
1720 371644
1721 144731
1722 132317
1723 101917
1724 132317
1727 135141
1728 115233
1729 115622
1730 357530
1732 318376
1733 318527
1734 285327
1735 374609
1736 305867
1739 323045
1740 286034
1741 310434
1744 286034
1745 318723
1746 329415
1747 321068
1749 323045
1752 320884
1753 393001
1754 325830
1755 393001
1757 283616
1758 322342
1760 247430
1761 306246
1763 300822
1765 285591
1766 330930
1767 285591
1768 165474
1769 132278
1770 124512
1771 399776
1772 344748
1773 342230
1774 342230
1775 399776
1776 411114
1778 305251
1779 331291
1780 326416
1781 222497
1783 303359
1784 298754
1785 298754
1786 96365
1787 112978
1788 97804
1789 106167
1790 149204
1791 97804
1792 96365
1795 122674
1796 313642
1797 288853
1798 308881
1799 313494
1800 313642
1801 389029
1802 288853
1803 378300
1804 308881
1805 279260
1806 340230
1808 329354
1809 342519
1810 303467
1811 329354
1812 324508
1813 342519
1814 324508
1815 397440
1816 303542
1817 303467
1818 108249
1819 321518
1820 315335
1823 347434
1824 361547
1825 347434
1826 361321
1827 370947
1828 320126
1829 342322
1830 419257
1831 320126
1833 298754
1834 279383
1836 330083
1837 309307
1838 321518
1839 102810
1840 125484
1841 109934
1842 120534
1843 345387
1844 318735
1845 124995
1846 109934
1847 134988
1849 171909
1850 137422
1851 112687
1853 314831
1854 373851
1856 333695
1857 333537
1858 333695
1860 413902
1861 346868
1862 344550
1864 333695
1865 343807
1866 357603
1867 366900
1868 343644
1869 316634
1870 354991
1871 316634
1872 289548
1873 414683
1874 357603
1875 354991
1876 303359
1877 303359
1878 303215
1880 315532
1882 330116
1883 327910
1884 393912
1885 292479
1886 317428
1887 317428
1888 317428
1891 317428
1893 330323
1894 409281
1895 303890
1896 352133
1897 343211
1898 340703
1899 343211
1900 324960
1901 409281
1902 329813
1903 329970
1904 271551
1905 342995
1908 329970
1909 340703
1910 387677
1911 343006
1912 334314
1913 321416
1914 279452
1915 266612
1916 335443
1917 354282
1918 363493
1919 313693
1921 335443
1922 340452
1923 340614
1924 335443
1925 410832
1926 252930
1927 279452
1928 196786
1929 226178
1930 203049
1931 329961
1932 309193
1933 321399
1934 309193
1935 365897
1937 279452
1938 255484
1939 196786
1940 214929
1941 252930
1942 222497
1943 339133
1944 326099
1945 175321
1947 321301
1948 300468
1949 137667
1950 339346
1951 348168
1952 126537
1953 102007
1954 111290
1956 127031
1957 121255
1959 161146
1960 223248
1961 223248
1962 350815
1963 339601
1964 353396
1966 286142
1967 286142
1968 253320
1969 227415
1970 329021
1971 237955
1972 262160
1973 329021
1974 327472
1975 281812
1976 241108
1977 293133
1978 232123
1979 327472
1980 252930
1981 255484
1982 226178
1983 267654
1984 234488
1987 196786
1988 340775
1989 327628
1990 301808
1991 222497
1993 279383
1994 309279
1995 406990
1996 350163
1998 219625
1999 336663
2000 388894
2001 418503
2002 396249
2004 402357
2005 370556
2006 429383
2007 402357
2009 418240
2010 402166
2011 499067
2012 415445
2013 402166
2014 429383
2015 286483
2016 286483
2017 151175
2018 155487
2019 155487
2020 134565
2022 122141
2023 151175
2024 148498
2025 297210
2026 306222
2027 346696
2028 341433
2029 346531
2030 388038
2031 430028
2032 293824
2033 357974
2035 532807
2037 155649
2038 149078
2039 336867
2040 404672
2041 300468
2042 339133
2043 326099
2045 300468
2046 393512
2047 326099
2048 393512
2050 339133
2051 348168
2055 321301
2056 336867
2057 348168
2058 326099
2059 404672
2060 326099
2061 404672
2062 300468
2063 326254
2064 463470
2065 353885
2066 384255
2068 353885
2069 396755
2070 410065
2071 353885
2072 384072
2073 463470
2074 342779
2075 334093
2076 387420
2077 331652
2078 316328
2079 321204
2080 334093
2083 303359
2084 315532
2085 303359
2086 303215
2087 302664
2088 396389
2089 341612
2090 323650
2091 328639
2092 350714
2093 253478
2094 340247
2095 358176
2096 309104
2097 267801
2098 127525
2099 131162
2100 120796
2101 110173
2102 103033
2103 110173
2104 110173
2105 141462
2106 359798
2107 139500
2108 116000
2109 328143
2110 383321
2111 383321
2112 317805
2113 292686
2114 348016
2115 326111
2116 393339
2117 339197
2118 325956
2119 393339
2120 284755
2121 372934
2122 284755
2123 327463
2124 310244
2125 231054
2126 327668
2128 336187
2129 279383
2130 303215
2132 313227
2133 315532
2134 339534
2135 234488
2136 323736
2137 323736
2138 365897
2139 326399
2141 313854
2142 309236
2143 324218
2145 378736
2146 322654
2147 340561
2149 292686
2150 409805
2151 353175
2152 421427
2153 329402
2154 381981
2155 316694
2157 316694
2158 291663
2159 337966
2160 232277
2162 341235
2163 396613
2164 396613
2165 318006
2166 339528
2167 293011
2168 330717
2169 366317
2170 293989
2171 349390
2172 368781
2174 317719
2175 339060
2176 317719
2177 328055
2178 330480
2179 319753
2180 322106
2181 335298
2182 326596
2183 289360
2184 314193
2185 335298
2186 314044
2187 335298
2188 378965
2189 326596
2190 321779
2191 334851
2192 317045
2193 334641
2194 317045
2195 332404
2197 343556
2198 399311
2203 357047
2204 362551
2205 376863
2206 333896
2207 376863
2208 437292
2209 386904
2210 437292
2211 362379
2212 365962
2213 315824
2215 342765
2217 387676
2218 333546
2219 387676
2220 312403
2223 312552
2225 287849
2226 291530
2227 316398
2228 316398
2229 291530
2230 291530
2231 272876
2232 337066
2233 327967
2234 341076
2235 327967
2236 328123
2237 302189
2238 332853
2242 294977
2244 343211
2245 340703
2246 342995
2247 258045
2248 340703
2250 321518
2251 309160
2252 321518
2253 330083
2254 321518
2255 321518
2256 284861
2261 388766
2262 296844
2263 335253
2264 298431
2265 337046
2266 323889
2270 325556
2271 325556
2273 336713
2274 238383
2275 390704
2276 298324
2277 270078
2278 278627
2279 343855
2280 255084
2281 138008
2282 127100
2283 132319
2284 108411
2286 330937
2289 357458
2290 304217
2291 343364
2292 365897
2293 376274
2294 315335
2295 315335
2296 279383
2297 315335
2298 313227
2299 313227
2302 105954
2303 126923
2304 376274
2305 323736
2307 313227
2308 279383
2309 303215
2310 365897
2311 298754
2312 315335
2313 323736
2314 303215
2315 323736
2316 222566
2317 234488
2318 376274
2319 323736
2320 376274
2321 315532
2322 313227
2323 376274
2324 315532
2325 279383
2326 315335
2327 323736
2328 329844
2329 321284
2330 308936
2331 329844
2332 319137
2333 321284
2334 309083
2335 319137
2336 304391
2337 315532
2338 303215
2339 376274
2340 315532
2342 315335
2343 298754
2344 324028
2345 313820
2346 335900
2347 333655
2348 314075
2349 378965
2350 335298
2351 324414
2352 378965
2354 289151
2356 211337
2357 277494
2358 267590
2359 98373
2360 119600
2361 125229
2362 119600
2364 108379
2365 309532
2366 204503
2368 327906
2369 290339
2370 327701
2371 338793
2372 330001
2373 330001
2374 338793
2375 317318
2376 382916
2377 292377
2378 393775
2379 292377
2380 327796
2381 315849
2382 266129
2383 290792
2384 328473
2385 291023
2386 376274
2387 315335
2388 323736
2389 283917
2390 272214
2391 245715
2392 303359
2393 279383
2394 323736
2395 303215
2396 376274
2397 315335
2398 323736
2399 351388
2400 351388
2401 351388
2402 360524
2403 419033
2404 337671
2405 337832
2406 348821
2407 407476
2408 360524
2409 351168
2410 311131
2411 343160
2412 398851
2414 296219
2417 296145
2418 255484
2419 223248
2420 313227
2422 315335
2423 365897
2424 313227
2425 365897
2426 383374
2427 303359
2430 308977
2431 308830
2432 383242
2433 304286
2434 372673
2435 304286
2436 372673
2437 319028
2438 305867
2439 331444
2440 100299
2441 127681
2442 119346
2443 92869
2445 328411
2446 326012
2447 380832
2448 315741
2451 336685
2452 328154
2453 290558
2454 223526
2455 235226
2456 328154
2457 310704
2458 308106
2461 328957
2462 308252
2463 308106
2464 382343
2465 320622
2466 308106
2467 308106
2468 328957
2469 320421
2470 328957
2472 303572
2473 321486
2474 319137
2475 284447
2476 304391
2477 308936
2478 391952
2479 337225
2480 328473
2481 336906
2482 337066
2483 310425
2484 310425
2485 295817
2486 398408
2487 342779
2488 331652
2489 392634
2490 291530
2491 326846
2493 329251
2494 326846
2495 411276
2496 353851
2497 305372
2498 399934
2499 344668
2501 243194
2502 344884
2503 399934
2504 342365
2505 332743
2506 319754
2507 319754
2508 341394
2509 396798
2510 315049
2512 309550
2513 373364
2515 285084
2516 321770
2518 309550
2519 321770
2520 315335
2521 323242
2522 341182
2523 328069
2524 350271
2525 328069
2526 341182
2527 350271
2528 315256
2529 315256
2530 380246
2531 327906
2533 331264
2534 285880
2535 322668
2536 322668
2537 285880
2542 335156
2543 399926
2544 317533
2545 335156
2547 309193
2548 309046
2551 450939
2552 450725
2553 391030
2554 315256
2555 315256
2556 290128
2557 325511
2558 327701
2559 310470
2561 391030
2562 290339
2563 290339
2564 333537
2565 333695
2566 333537
2567 413902
2568 402487
2569 356109
2570 333695
2571 344550
2572 347086
2573 307321
2574 346868
2575 346868
2576 307321
2577 406990
2579 406990
2580 341290
2581 302189
2582 341290
2583 341290
2584 302189
2585 393339
2586 336719
2588 321160
2589 348016
2590 326111
2591 320112
2592 307955
2594 283616
2595 371441
2596 371441
2597 283616
2598 353947
2599 340505
2600 354169
2601 340505
2602 275746
2603 313593
2604 313593
2607 331978
2608 331820
2609 354277
2610 345300
2611 345083
2612 342777
2613 345083
2614 305739
2615 345083
2616 326801
2617 324617
2618 289542
2619 314390
2621 309618
2622 326801
2623 314241
2624 321770
2625 383953
2626 309550
2627 330342
2628 330342
2629 330342
2630 330342
2631 309403
2632 304851
2633 323830
2634 436136
2635 365731
2636 363059
2637 365501
2638 436136
2639 436136
2640 363059
2641 340229
2642 340443
2643 349294
2644 327153
2645 337956
2648 329961
2649 309046
2651 292082
2652 292082
2653 393377
2654 312334
2655 327465
2656 317148
2657 329875
2658 328753
2659 316268
2660 381467
2661 337512
2662 337512
2663 316268
2664 316268
2665 291271
2666 291271
2667 326556
2668 381467
2669 316268
2670 311467
2672 398851
2673 296145
2674 334464
2675 332021
2676 321408
2677 343160
2678 321408
2679 376274
2680 303359
2681 303359
2682 266612
2683 266612
2684 315532
2685 383953
2686 304851
2687 304851
2688 385155
2689 340774
2690 294087
2691 332139
2692 385155
2693 331931
2694 385155
2695 331931
2696 294087
2697 385155
2698 315999
2699 328680
2700 315849
2701 381143
2702 291023
2703 381143
2704 381143
2705 381143
2706 337225
2707 311202
2708 326278
2709 315999
2710 291023
2711 304781
2712 325913
2713 330780
2714 330780
2715 323218
2716 278939
2717 229431
2718 252768
2719 268983
2720 98255
2721 99722
2723 105063
2724 119924
2726 303359
2727 260937
2728 303215
2729 376274
2730 365897
2731 323736
2732 279383
2733 323736
2734 298754
2735 223248
2736 303215
2737 342755
2738 351887
2739 408994
2740 408994
2741 342755
2742 342755
2743 342755
2744 408994
2745 327312
2746 232502
2747 372801
2748 319137
2749 384113
2750 309679
2751 319753
2752 321904
2753 330480
2754 335974
2755 322859
2756 297483
2757 321058
2758 375045
2759 331829
2760 310943
2761 352512
2762 343364
2763 341070
2764 281831
2766 304217
2767 409721
2768 343580
2770 391952
2774 291023
2775 342503
2776 320793
2777 320945
2778 295579
2779 333615
2780 331385
2781 398087
2782 414669
2784 414669
2785 329239
2787 321204
2788 295817
2789 342779
2790 408944
2791 361822
2792 350078
2793 333901
2794 352433
2795 352433
2796 350078
2797 420542
2798 312251
2799 418862
2800 344383
2801 333901
2802 352654
2803 398851
2804 334464
2805 334464
2806 334464
2807 321408
2808 296145
2809 327675
2810 321871
2811 283089
2812 331799
2813 268696
2814 409906
2815 291673
2816 283089
2817 315532
2818 313227
2821 279174
2822 228925
2823 349235
2824 118531
2825 120300
2826 126744
2827 144671
2828 272350
2829 372316
2830 226471
2832 321068
2833 284284
2834 318723
2835 320867
2839 308681
2840 303995
2841 298754
2844 313227
2845 315532
2846 354205
2847 342708
2849 345230
2850 400334
2851 305677
2853 331911
2854 305677
2855 411688
2856 326872
2858 331101
2860 384192
2861 331309
2862 331101
2864 331309
2865 328889
2866 331101
2867 318376
2868 331101
2869 406990
2870 323142
2871 341076
2872 350163
2873 395766
2874 341076
2875 395766
2876 395766
2877 323142
2878 376274
2880 303215
2882 315335
2883 279383
2884 279383
2885 303359
2886 294907
2887 307018
2888 315106
2889 398408
2891 321051
2893 323736
2894 391030
2895 336431
2898 290339
2899 327701
2900 327701
2901 301733
2903 256506
2904 472617
2905 336777
2906 341806
2907 412466
2908 314940
2909 336777
2910 382878
2911 412607
2912 336893
2913 336893
2914 342086
2915 382878
2916 355590
2922 357525
2923 362864
2925 334343
2926 387421
2927 377604
2929 377604
2930 334343
2931 369133
2932 363036
2933 377604
2934 450295
2935 357525
2936 357525
2937 349649
2938 408443
2939 311869
2940 420027
2941 311869
2942 338633
2943 349649
2944 349649
2945 352001
2946 333493
2947 302664
2948 323650
2949 396389
2950 341612
2951 302664
2952 323650
2953 289959
2954 241114
2955 316751
2958 303359
2959 279160
2960 236459
2961 229260
2962 317148
2964 375279
2965 310990
2968 310990
2969 310990
2970 333736
2972 342413
2976 295501
2977 387007
2978 333527
2979 342413
2980 397993
2981 352133
2982 343211
2983 397993
2984 342995
2985 343211
2986 329970
2987 340703
2988 307321
2989 328629
2992 402487
2993 333537
2994 402487
2995 307321
2997 380978
2998 307151
2999 266612
3001 340343
3002 422349
3003 343969
3004 343969
3005 332804
3006 322319
3007 317426
3008 240315
3009 322319
3010 335253
3011 322166
3012 335253
3013 335253
3014 399791
3015 296844
3016 322166
3017 317404
3018 319739
3019 319539
3020 328052
3021 381291
3022 302737
3023 381291
3024 283108
3025 302737
3026 302737
3027 307258
3028 302737
3030 324813
3031 324813
3032 279383
3033 303215
3035 325507
3036 269354
3037 209599
3038 315335
3039 315532
3041 347756
3044 296003
3045 347756
3046 243466
3047 322544
3048 374028
3049 322544
3050 320188
3051 305393
3052 384636
3053 330930
3054 310100
3055 330930
3056 322342
3057 309953
3058 309953
3059 323736
3060 389477
3062 326604
3063 335095
3064 313854
3065 326399
3066 326604
3067 389477
3068 289185
3069 378736
3071 389477
3072 289185
3073 389477
3074 289185
3075 335095
3076 270092
3077 313854
3078 264608
3079 345583
3080 305990
3084 390290
3085 318671
3086 312334
3087 319719
3088 346454
3089 391574
3090 391574
3091 324493
3093 337675
3094 391574
3095 346454
3096 319719
3097 337463
3098 324493
3099 337675
3101 230810
3103 266618
3106 335726
3107 292686
3108 267650
3109 236949
3110 317654
3111 330350
3113 118924
3116 99419
3117 93924
3118 125549
3119 383746
3120 339528
3121 318006
3122 318006
3123 313327
3125 323836
3126 306616
3127 311194
3128 375526
3129 388412
3130 312996
3132 388412
3134 323045
3135 286034
3136 310434
3137 286034
3139 337463
3140 337675
3141 324493
3142 337463
3143 324493
3144 319719
3146 346454
3147 308229
3148 402679
3149 346454
3150 330083
3151 319369
3152 309160
3153 321719
3154 413623
3155 342928
3156 365962
3159 425353
3161 387341
3162 322440
3163 324609
3164 335286
3165 319793
3166 324722
3167 346534
3168 335286
3169 319793
3170 337753
3171 324568
3172 258554
3173 391665
3174 324568
3175 324722
3176 299057
3177 335286
3178 224954
3179 232114
3180 390746
3181 336187
3182 325274
3183 310244
3184 379970
3186 390746
3187 290128
3188 390746
3189 390746
3190 327668
3192 390746
3193 314877
3194 290128
3195 327668
3196 390746
3197 327463
3198 314877
3199 317823
3200 322722
3201 344400
3202 297215
3203 228648
3204 236699
3205 344400
3206 317823
3207 335462
3209 344400
3210 365432
3211 348546
3212 353751
3213 368121
3214 236891
3215 367890
3216 367890
3217 377692
3219 263875
3220 325946
3221 438986
3222 373215
3223 321843
3225 383800
3227 264289
3228 321843
3229 304729
3230 309426
3231 284970
3232 319492
3233 383800
3235 317579
3236 312758
3237 317579
3238 317579
3239 312758
3240 312758
3241 257100
3242 330323
3243 292267
3244 338911
3245 338589
3247 321770
3248 309550
3249 309550
3250 395088
3251 313692
3252 328889
3253 318376
3254 395088
3255 318527
3256 318376
3257 395088
3258 384192
3259 331101
3260 279383
3261 303359
3262 279383
3263 315335
3266 315335
3267 315532
3268 303359
3269 279383
3270 315335
3271 315335
3272 298754
3273 365897
3274 494308
3275 494308
3276 494618
3277 475536
3279 491005
3281 475310
3282 313227
3283 315335
3284 313227
3285 303215
3286 279383
3287 315335
3288 279383
3289 323736
3290 303215
3291 303359
3292 298754
3293 315335
3295 376274
3296 303359
3297 234488
3298 219292
3299 222566
3300 257096
3301 117497
3302 325756
3303 325756
3304 380533
3305 117497
3306 315493
3307 315493
3308 331799
3309 354086
3310 400200
3311 305575
3312 411550
3313 326762
3315 340067
3316 322185
3317 337794
3318 337794
3319 327152
3321 340067
3322 283451
3323 381754
3324 320127
3325 371226
3326 223028
3327 334562
3328 388208
3329 316971
3330 388208
3332 343476
3333 339601
3334 353396
3335 353175
3337 147491
3338 130183
3339 125332
3340 303215
3341 230690
3343 334527
3344 288695
3345 261361
3346 203345
3347 288695
3348 313471
3349 326050
3352 334527
3353 222093
3356 334527
3358 303359
3359 323736
3360 222497
3361 315532
3363 303359
3364 315532
3365 298754
3366 303215
3367 370044
3368 316777
3369 370044
3372 334013
3374 377513
3377 323171
3378 288252
3379 334013
3380 323171
3381 325549
3382 233879
3383 284344
3384 355702
3385 269339
3387 291598
3389 297941
3391 343058
3392 279816
3394 280630
3395 240097
3398 259832
3399 324370
3400 385675
3401 319757
3402 319757
3403 332588
3405 330158
3406 314903
3407 391494
3408 361284
3409 269150
3410 317902
3411 225544
3412 283552
3413 307887
3414 303213
3415 317902
3416 307887
3417 303213
3418 328567
3419 307741
3420 320242
3421 307741
3422 409339
3423 393547
3424 362442
3425 362442
3427 488139
3428 387573
3429 406349
3430 298754
3431 315532
3432 313227
3433 112978
3435 320020
3436 370824
3437 358788
3438 342209
3439 347319
3440 361201
3441 315256
3442 315256
3443 310470
3444 310470
3445 100144
3446 405811
3447 336291
3449 349733
3450 349733
3451 309859
3454 349733
3455 331343
3456 336291
3457 309859
3458 309859
3459 336291
3460 417320
3461 331343
3462 349952
3463 322510
3464 330895
3465 373989
3466 330895
3467 316998
3468 338451
3469 316998
3470 317148
3471 316998
3472 316998
3473 292082
3474 382529
3475 327465
3476 316998
3477 309550
3481 309550
3482 309403
3484 304851
3485 309403
3486 319684
3487 307397
3488 309550
3489 246529
3495 227109
3496 272053
3497 319620
3498 309236
3499 378736
3500 335095
3501 96365
3502 117160
3503 119272
3504 117617
3505 122674
3506 106167
3507 96365
3508 97804
3509 117160
3510 96365
3512 96365
3513 97804
3514 117160
3515 303215
3516 122674
3517 106167
3518 323736
3520 315335
3521 303359
3522 313227
3523 323736
3524 242051
3525 245665
3527 298754
3528 279383
3530 309046
3532 321600
3533 315335
3534 312693
3535 387852
3536 322865
3537 121236
3538 333697
3539 333697
3541 339469
3542 168500
3543 140115
3544 326218
3545 326218
3546 279160
3547 266612
3548 383652
3549 284861
3550 309307
3551 321518
3552 304612
3553 321719
3554 309160
3555 315027
3556 290128
3557 314877
3558 314877
3559 327463
3560 314877
3561 325274
3562 315027
3563 290128
3564 329045
3565 316398
3566 252103
3568 283889
3569 328957
3570 328957
3571 308106
3572 308106
3573 320421
3574 320421
3575 248781
3576 320105
3577 87728
3578 317767
3579 107706
3581 95817
3582 100832
3583 121001
3584 118857
3585 303084
3586 107706
3587 124451
3588 320105
3589 114615
3590 121001
3591 99222
3592 227302
3593 384280
3594 273349
3595 298754
3597 315532
3598 119272
3599 117160
3600 96365
3601 106167
3602 122802
3603 99391
3604 298754
3608 303359
3609 279383
3610 365897
3611 303359
3612 298754
3613 313227
3614 298754
3615 315532
3616 303215
3617 323947
3618 311301
3619 321580
3620 232210
3622 286904
3623 273722
3624 278657
3625 263952
3626 263952
3627 278657
3628 248041
3630 263952
3631 309679
3632 99842
3633 98373
3634 108379
3635 152312
3636 101966
3637 107428
3639 110685
3640 362669
3641 113972
3642 348779
3643 335374
3644 104465
3645 124177
3646 135684
3647 335374
3648 95647
3649 115332
3650 152312
3651 119600
3652 119600
3654 99842
3655 105190
3657 285874
3658 398566
3659 242438
3660 352641
3661 409870
3662 341194
3663 369849
3666 303235
3667 342386
3669 101703
3670 96644
3671 100385
3672 125657
3674 117160
3676 112978
3677 96365
3678 106167
3679 112978
3680 114665
3681 89227
3682 94448
3683 226178
3684 223248
3685 114658
3686 100191
3687 114710
3688 99899
3689 96501
3690 117158
3691 246632
3692 339921
3693 105980
3694 120070
3695 121283
3696 96391
3697 127060
3701 107371
3702 123871
3704 89509
3705 308391
3707 170203
3710 136059
3712 101786
3713 320694
3714 295347
3715 320542
3716 111051
3717 137449
3718 135542
3719 141516
3722 327906
3723 336431
3724 380246
3725 290339
3726 86475
3727 97774
3728 303215
3729 376274
3730 298754
3731 315335
3732 122674
3733 122674
3734 97804
3735 303359
3736 303359
3737 97804
3738 98104
3739 119272
3740 103043
3741 303359
3742 303359
3743 128807
3745 108195
3746 102694
3747 123498
3748 116704
3749 123017
3750 152249
3751 105146
3752 309550
3753 321972
3754 120018
3755 152249
3756 108334
3757 125177
3758 105146
3759 125177
3761 108334
3763 365897
3764 298754
3765 234488
3766 310704
3767 310704
3768 380533
3769 336685
3770 290558
3771 243868
3772 290558
3773 315344
3774 328154
3775 310704
3776 325756
3777 380533
3778 315493
3779 325756
3782 303359
3783 97804
3784 391030
3785 315106
3786 327906
3787 290339
3789 110591
3791 100380
3792 101879
3793 122041
3796 123249
3797 127810
3799 94336
3800 108427
3802 304781
3803 410481
3805 380832
3806 101347
3807 108370
3808 156918
3809 123217
3810 90946
3811 118074
3812 123698
3813 331353
3814 322754
3815 201416
3816 285956
3817 310350
3818 310497
3819 385128
3820 305783
3821 240006
3822 322957
3823 320597
3824 310497
3825 327628
3826 240372
3827 277664
3828 327628
3829 349634
3830 406376
3831 349634
3832 347599
3833 431147
3834 361321
3835 361321
3836 608819
3837 535696
3838 535696
3840 580491
3843 535696
3845 461000
3847 390517
3848 378034
3849 378034
3850 393144
3851 348321
3852 331632
3853 320867
3854 289349
3855 107072
3856 130686
3857 108671
3858 112978
3859 186505
3860 146449
3861 147022
3862 132709
3863 186505
3864 149090
3865 132236
3866 114243
3867 130402
3868 117707
3869 106840
3870 310948
3871 328205
3873 391632
3874 310948
3875 315741
3876 315591
3877 120326
3878 100447
3879 105828
3880 100447
3881 284371
3882 375045
3883 310943
3884 112978
3885 106167
3886 122674
3887 223767
3888 227109
3889 373364
3890 207193
3891 200802
3892 373364
3893 330342
3894 303359
3895 315335
3896 303215
3897 336568
3899 323583
3900 336568
3901 334109
3902 323429
3903 336357
3904 336357
3905 401359
3906 334109
3907 318671
3908 323429
3909 318671
3910 323429
3911 346467
3912 391325
3913 325756
3915 290558
3916 305702
3918 119551
3919 120018
3920 105146
3921 114560
3922 120018
3923 99800
3924 108334
3925 108334
3926 108334
3927 121706
3928 105146
3929 99800
3930 113370
3931 116959
3932 113370
3933 113370
3934 96337
3935 271420
3936 303215
3937 313227
3938 323736
3939 315532
3940 241598
3942 339534
3943 376274
3944 323736
3945 381037
3946 327834
3947 307053
3949 319326
3950 370529
3951 263836
3952 376274
3954 298754
3955 303359
3956 339534
3957 279160
3959 222566
3960 257096
3961 315335
3962 279383
3963 335292
3964 330202
3965 346199
3966 348746
3967 357813
3968 330202
3969 308791
3970 415882
3971 330202
3972 320212
3973 311845
3974 299544
3976 315351
3978 303359
3979 376274
3980 279383
3982 315027
3983 325274
3984 327668
3986 295817
3988 392411
3989 325342
3990 338397
3991 392411
3992 403540
3993 325187
3994 325187
3995 279383
3996 303215
3998 314445
3999 214932
4000 413164
4001 346250
4002 355474
4003 401769
4004 274128
4005 401769
4006 270576
4008 307321
4009 346868
4010 413902
4011 346868
4012 347086
4013 333537
4014 402487
4015 344550
4016 346868
4017 344550
4018 431609
4019 359290
4020 417173
4021 349610
4022 347274
4023 349829
4024 327544
4025 344400
4026 322722
4027 335673
4028 322722
4029 322569
4030 335462
4031 335462
4032 400292
4033 335462
4034 322722
4035 322722
4037 335462
4038 344400
4039 275345
4040 325094
4041 287849
4042 387676
4043 376985
4045 287849
4046 279644
4047 241594
4048 410248
4049 340130
4050 410248
4051 353557
4052 421883
4053 386444
4054 280088
4055 235628
4056 332485
4057 363320
4058 247635
4059 349356
4060 344216
4061 349522
4062 433533
4063 321641
4064 363320
4065 421577
4066 300644
4067 360892
4069 278363
4070 309160
4071 319369
4072 321518
4073 309160
4074 319369
4076 319369
4077 284861
4078 383652
4079 284861
4080 314386
4081 321600
4082 238674
4083 291311
4084 242980
4085 321518
4086 309160
4087 378514
4089 96365
4090 106167
4091 106167
4092 103043
4093 303359
4094 315532
4095 334104
4096 296012
4097 343006
4098 321416
4099 398671
4100 296012
4101 321264
4102 321416
4103 230138
4104 316537
4105 309679
4106 330480
4107 285203
4108 373520
4109 285203
4110 373520
4111 322106
4115 263469
4116 328680
4117 384636
4118 384636
4120 374028
4122 384636
4123 156929
4124 120696
4125 143470
4126 146532
4127 114025
4128 309953
4129 292082
4130 312334
4131 382529
4132 329875
4133 292082
4134 316998
4135 327465
4136 317148
4137 312334
4138 317148
4139 292082
4140 312334
4141 325830
4142 300078
4143 338905
4144 338693
4145 336429
4146 271666
4147 211363
4148 338905
4149 393001
4150 338693
4151 336429
4154 315335
4156 279383
4158 323736
4159 334093
4160 387420
4161 321051
4162 321051
4163 376274
4165 279383
4166 303215
4167 100887
4168 104473
4169 102936
4170 102936
4171 104473
4172 131174
4173 122483
4174 125388
4175 111612
4176 156855
4177 123649
4178 111612
4179 156855
4180 384661
4181 293710
4182 90910
4183 99291
4184 104488
4185 101307
4186 343058
4191 345583
4192 140345
4193 131046
4194 98829
4195 98829
4196 131046
4197 111741
4198 319294
4199 346531
4200 322654
4201 340775
4202 301733
4203 406376
4204 327472
4205 327472
4206 544607
4207 315532
4208 303215
4209 149204
4210 96365
4211 122802
4212 86475
4213 117617
4214 288395
4215 328680
4216 303359
4217 303215
4218 376274
4219 328639
4220 294038
4221 132180
4222 110343
4223 119779
4224 108720
4226 135566
4227 113872
4228 353392
4229 326012
4234 313227
4236 117617
4237 117160
4238 106167
4239 98104
4240 105735
4241 109620
4242 109620
4245 158728
4246 112944
4248 310100
4249 384636
4252 309953
4253 310100
4254 322544
4255 310100
4256 309953
4257 384636
4258 322342
4259 340229
4260 405980
4261 239194
4262 210842
4263 299413
4264 217553
4265 337858
4266 242334
4267 392033
4268 324873
4269 299338
4271 210842
4272 403151
4273 325028
4274 299338
4275 324873
4276 413164
4277 346250
4278 306773
4279 401769
4280 355474
4281 328043
4282 343936
4283 130922
4284 155625
4285 155625
4286 327701
4287 325511
4288 336431
4289 271169
4290 391030
4291 380246
4292 235048
4293 391030
4294 336431
4295 308630
4296 284371
4297 382993
4298 321167
4299 320966
4300 284371
4301 88019
4302 114274
4303 113132
4304 322704
4305 310106
4307 100333
4308 99996
4309 96594
4310 100333
4311 114821
4312 101650
4313 100333
4314 96594
4315 99996
4316 88440
4317 117271
4318 88440
4319 96594
4320 115546
4321 117271
4322 100333
4323 125593
4324 91255
4325 99996
4326 122802
4328 323736
4329 122802
4330 86475
4331 114665
4332 99391
4333 111147
4334 98104
4335 86475
4337 318006
4338 313327
4339 293011
4340 330924
4341 318006
4343 212954
4345 318157
4346 330924
4347 318006
4348 318157
4349 285327
4350 219502
4351 227231
4352 124995
4353 113132
4354 124995
4356 308630
4357 308776
4358 304089
4359 329517
4361 113132
4362 309403
4363 330342
4364 309403
4365 319620
4366 100432
4367 319620
4368 109692
4369 312032
4371 224481
4372 232386
4373 212074
4374 116551
4375 114654
4376 104633
4377 334370
4378 131653
4379 116551
4380 101405
4381 343063
4385 100191
4386 114658
4387 309666
4388 96457
4389 125414
4390 101506
4391 117328
4392 113337
4393 133376
4394 133376
4395 107073
4396 117724
4397 117724
4399 101887
4400 119902
4401 123697
4402 132474
4403 107220
4405 287365
4406 324548
4407 287365
4408 252605
4410 387025
4412 307290
4413 311878
4414 322177
4415 290056
4416 296246
4417 387025
4418 312026
4419 322177
4421 101966
4422 155553
4423 110685
4424 122145
4425 117785
4426 117785
4427 100466
4428 124347
4429 315532
4430 303359
4431 315532
4432 232178
4433 310704
4434 251262
4435 325756
4437 267380
4438 310704
4439 391325
4440 315344
4441 322166
4442 335253
4443 335566
4444 297121
4445 335356
4446 389129
4447 317722
4448 297121
4449 209280
4450 311878
4451 332985
4452 312026
4453 287365
4454 309393
4455 335702
4456 405100
4457 250412
4458 335702
4459 396481
4460 365144
4461 89457
4462 92304
4463 334899
4464 313671
4465 309056
4467 313820
4469 324028
4470 389249
4471 326012
4474 263254
4475 380832
4476 328411
4477 380832
4478 315741
4479 315591
4480 265379
4481 103776
4482 128219
4483 111423
4484 313202
4486 109979
4487 334919
4488 334919
4489 128141
4490 102025
4491 102369
4492 128141
4493 115980
4494 102369
4495 98554
4496 102025
4497 128141
4498 103713
4499 93107
4500 102369
4501 93107
4502 102369
4505 339591
4506 300873
4508 339804
4509 348638
4510 127364
4511 127794
4512 339804
4513 339591
4514 300873
4515 159967
4516 146247
4517 321735
4518 339591
4519 326539
4520 149368
4521 123032
4523 144785
4524 127364
4525 310106
4528 315335
4531 325827
4532 323447
4533 399160
4534 344217
4535 330780
4536 344217
4537 330780
4539 325913
4540 353166
4541 311558
4542 321693
4543 229282
4544 311410
4545 308354
4546 329223
4547 320679
4548 318536
4549 320880
4550 318536
4551 323429
4552 323583
4553 334109
4555 272516
4557 323447
4558 345114
4559 331799
4560 326762
4561 411550
4562 305575
4563 411550
4564 315335
4565 313227
4568 303359
4569 365897
4570 279383
4571 279383
4572 380533
4573 315344
4574 290558
4575 310704
4576 283889
4577 308106
4578 308252
4579 308252
4580 283889
4581 320622
4582 308106
4583 315532
4584 315532
4585 360286
4587 350937
4588 418757
4589 337449
4590 332484
4591 350937
4592 274239
4593 305110
4594 228891
4596 373682
4597 322246
4598 305110
4599 305110
4600 373682
4601 376274
4602 279383
4603 298754
4604 365897
4606 279383
4607 313227
4608 298754
4609 332093
4610 345583
4611 327207
4612 343058
4613 400744
4614 284583
4615 331353
4616 374506
4617 322754
4618 305783
4619 322957
4621 305783
4622 331353
4623 310350
4624 285956
4625 227803
4626 322957
4627 336835
4628 401929
4629 336835
4630 334584
4631 278728
4632 402487
4633 328629
4634 347086
4635 328629
4636 248796
4637 260698
4638 230794
4639 272053
4640 321770
4642 307741
4643 371358
4644 307741
4645 283552
4646 283552
4647 320242
4648 317902
4649 324280
4650 114010
4651 125607
4654 115712
4655 303359
4656 114010
4657 139153
4658 114010
4661 379705
4662 325047
4663 379705
4664 325047
4665 379705
4666 335952
4668 297346
4669 318366
4670 224244
4671 253543
4673 356933
4674 330208
4675 229492
4677 330208
4678 196786
4679 226178
4680 323736
4686 315532
4687 313227
4688 376274
4689 298754
4690 365897
4691 279383
4692 365897
4694 89227
4695 111147
4696 88397
4697 320188
4698 88397
4699 88397
4700 96547
4702 100284
4703 330930
4706 204428
4707 210935
4708 327786
4709 290232
4710 380107
4711 327786
4712 290232
4713 327581
4714 315140
4716 325391
4717 290304
4719 390887
4720 310356
4721 390887
4722 327786
4723 327786
4724 380107
4725 390887
4728 327786
4730 315140
4731 337335
4732 319597
4733 95453
4734 106326
4735 131369
4736 324370
4737 346322
4738 402526
4739 101037
4740 131369
4741 101037
4742 92508
4743 104628
4744 298874
4745 106326
4746 298874
4747 103088
4748 319597
4749 383321
4750 339152
4751 330350
4752 330350
4753 330558
4754 317805
4755 264974
4756 394192
4757 312980
4759 330350
4760 328143
4761 312980
4762 233879
4763 292686
4764 270813
4768 100914
4769 365897
4770 376274
4771 298754
4772 95920
4773 119483
4774 106846
4775 105107
4776 106846
4777 119483
4778 96083
4779 108637
4780 136446
4781 406552
4782 124744
4783 104942
4784 108637
4785 123497
4786 108637
4787 383197
4788 433103
4789 373487
4790 290339
4792 327906
4793 380246
4794 327701
4795 99961
4796 315256
4797 325511
4798 113403
4799 335043
4800 343969
4801 317426
4802 335253
4803 296844
4804 320313
4805 279383
4806 315532
4807 315532
4808 365897
4809 313227
4810 323736
4811 313227
4812 341433
4813 369984
4814 319294
4815 341433
4816 383374
4818 308936
4819 329844
4820 329844
4821 304391
4822 304391
4825 309083
4826 372801
4827 321284
4828 309083
4829 309083
4830 284654
4831 322501
4832 285732
4833 374213
4834 389477
4835 289185
4836 326399
4837 389477
4838 326604
4839 313854
4840 289185
4841 326604
4842 324218
4844 307321
4845 346868
4846 328629
4847 402487
4849 356109
4850 413902
4851 333537
4852 413902
4853 333537
4855 328629
4856 235371
4857 242863
4858 374644
4859 303359
4860 376274
4861 365897
4862 303359
4863 315335
4864 303215
4865 315532
4866 323736
4867 315532
4868 303359
4869 290128
4870 379970
4871 315027
4872 336187
4873 327668
4874 314877
4875 327668
4876 327668
4877 325274
4878 327668
4879 325274
4880 310244
4881 315351
4883 323736
4884 365897
4885 298754
4886 303215
4887 279383
4889 330773
4890 285456
4891 330773
4893 376274
4894 365897
4895 315532
4897 303215
4899 321042
4900 372286
4901 382844
4902 284261
4903 271328
4904 308656
4905 298754
4906 279383
4907 303215
4909 323736
4910 303215
4911 323736
4912 303215
4913 303215
4914 279383
4915 376274
4916 279383
4917 303359
4918 325189
4919 312691
4920 312691
4921 325189
4923 308090
4926 388033
4927 288113
4930 331291
4931 353711
4932 353711
4933 331448
4934 331291
4935 342230
4936 243174
4937 291299
4938 326416
4941 342230
4942 344532
4943 353711
4944 325913
4945 399160
4948 344001
4949 325913
4950 388299
4951 296488
4952 332404
4953 388299
4954 343556
4955 321561
4956 332021
4957 296145
4958 332021
4959 354991
4960 426444
4961 426444
4962 354991
4963 426444
4965 365064
4966 353214
4967 336893
4968 336893
4969 336893
4970 412607
4971 303059
4972 396905
4973 408162
4974 329067
4975 303059
4976 329067
4977 328911
4979 339772
4981 315849
4982 315999
4983 291023
4984 328473
4985 391952
4986 315335
4987 279383
4988 376274
4989 323736
4990 336215
4991 333759
4993 336215
4994 333759
4996 318337
4997 279383
4998 237235
4999 245588
5000 344956
5001 318337
5002 297696
5003 333759
5004 297696
5005 333759
5006 297696
5007 333759
5008 318337
5010 384661
5011 318916
5012 384661
5013 340337
5014 331506
5015 314075
5016 325422
5017 325422
5018 336007
5019 338268
5020 302508
5021 320481
5022 320481
5023 347280
5024 338480
5025 320481
5026 267808
5028 321518
5029 284861
5030 284861
5032 401929
5033 345808
5035 401929
5036 390845
5037 336835
5038 336835
5039 337046
5040 337046
5041 336906
5042 406552
5043 225610
5044 350372
5045 350372
5047 353790
5048 354012
5049 255727
5050 234938
5051 315027
5052 290128
5053 327463
5054 391325
5055 285591
5057 273602
5059 330930
5060 310100
5061 374406
5062 263075
5063 285880
5064 285880
5066 285880
5067 310267
5068 273879
5069 239941
5070 241768
5071 342235
5072 213111
5073 333563
5075 298754
5077 279383
5079 396078
5080 385155
5081 294087
5084 340774
5086 332139
5088 332853
5089 330629
5090 341721
5091 330629
5092 397178
5095 330629
5096 304895
5097 304895
5098 304895
5099 309594
5100 330390
5101 303359
5102 302499
5103 373851
5104 320037
5106 315335
5108 323736
5109 365897
5110 303215
5113 313227
5115 312281
5116 324609
5117 333257
5118 324813
5119 312133
5120 262998
5122 287600
5124 338408
5125 320614
5126 110583
5127 160121
5128 320614
5129 336146
5131 333901
5132 408944
5133 361822
5134 346531
5135 323736
5136 266612
5137 376274
5138 315532
5139 255484
5140 203049
5141 298754
5142 323736
5143 313227
5144 323736
5145 323736
5146 376274
5147 279383
5148 357529
5149 317805
5150 292686
5151 328143
5153 233165
5154 317805
5155 292686
5156 317654
5157 330350
5158 330558
5159 330350
5161 273362
5162 339152
5163 312980
5164 339152
5165 339152
5166 383321
5167 312980
5170 336835
5171 329395
5172 347677
5173 329395
5174 334314
5175 329395
5176 345353
5177 216969
5178 327701
5179 310470
5180 380246
5181 290339
5182 315256
5183 327701
5184 323736
5185 315532
5186 303359
5187 298754
5188 279383
5189 376274
5190 303359
5191 315335
5192 315532
5193 298754
5194 376274
5195 315532
5196 303359
5197 315335
5198 313227
5199 279383
5200 313227
5201 315335
5202 196786
5203 376274
5204 313227
5205 303359
5206 298754
5207 308681
5208 318723
5209 320867
5210 382875
5211 320060
5212 333062
5213 320060
5214 294904
5215 397178
5216 408297
5217 339885
5218 329021
5219 303359
5220 303215
5221 298754
5222 365897
5223 303215
5224 315335
5225 303733
5226 371995
5227 308415
5228 303733
5229 320590
5230 320791
5231 371995
5232 217209
5233 313227
5234 303215
5235 365897
5236 303359
5237 303359
5238 303215
5239 313227
5240 308454
5241 298754
5242 394629
5243 330924
5244 339528
5245 318006
5246 318006
5247 313327
5248 293011
5249 339528
5250 330717
5251 318157
5252 339528
5253 318157
5255 318006
5256 328507
5257 313327
5258 323736
5259 365897
5260 323736
5261 313227
5262 323736
5263 313227
5264 376274
5265 303359
5266 303215
5267 303359
5268 279383
5269 315532
5270 376274
5271 315335
5272 376274
5274 303359
5275 365897
5276 376274
5277 279383
5278 323736
5279 377700
5280 325711
5281 388412
5282 312996
5283 355578
5284 401887
5285 333198
5286 355578
5287 355578
5288 333039
5289 344037
5292 306863
5293 328139
5294 328139
5295 344037
5296 398949
5297 334547
5298 321640
5299 332103
5300 400814
5301 322990
5302 336111
5303 231375
5304 323143
5305 297603
5306 389760
5307 323143
5308 344849
5309 322990
5310 297387
5311 400814
5312 322990
5313 400416
5314 400416
5315 342777
5316 345083
5317 326938
5318 268757
5319 331978
5320 345300
5321 400416
5322 305739
5323 345083
5324 345300
5325 305739
5326 342777
5327 290558
5328 310704
5329 323736
5330 303215
5332 327948
5333 310704
5334 325756
5336 327948
5337 290558
5340 332743
5342 341394
5343 330312
5344 337046
5345 390845
5346 319123
5347 345808
5348 323889
5349 345808
5350 298431
5351 319123
5352 336835
5353 323736
5354 279383
5355 365897
5356 279383
5357 323736
5358 315532
5359 303359
5360 323736
5361 313227
5362 315335
5363 365897
5364 365897
5365 298754
5366 303215
5367 298754
5368 365897
5369 313227
5371 329731
5372 308977
5373 284556
5374 308830
5375 284556
5376 308830
5378 319028
5379 343556
5380 334641
5381 317045
5382 317045
5383 334641
5384 296488
5385 343556
5387 399311
5388 322719
5389 387676
5390 283388
5391 376985
5392 322719
5393 324890
5394 307807
5395 315335
5396 279452
5397 214929
5398 298754
5399 376274
5400 315335
5401 298754
5402 298754
5403 376274
5404 298754
5405 303359
5406 323736
5407 279383
5408 315335
5409 323736
5410 313227
5411 315532
5412 315532
5413 315532
5414 303359
5415 279383
5416 313227
5417 365897
5418 303359
5419 308415
5420 320590
5421 320791
5422 303733
5423 281999
5424 245588
5425 376274
5426 303215
5427 315335
5428 303215
5429 315335
5430 298754
5431 279383
5432 298754
5433 322044
5434 322044
5435 330624
5436 330624
5437 309666
5438 285327
5439 372801
5440 308936
5441 372801
5442 308936
5443 329844
5444 304391
5445 321284
5446 304391
5447 308936
5448 321486
5449 284654
5450 321284
5451 376274
5452 298754
5453 303215
5454 298754
5455 279452
5456 214929
5457 313227
5458 303215
5459 323736
5460 298754
5461 260937
5462 303215
5463 298754
5464 315335
5465 376274
5466 303359
5467 298754
5468 376274
5469 315532
5470 315532
5471 255484
5472 214929
5473 303359
5474 284371
5475 318821
5476 321167
5477 318821
5478 304089
5479 384113
5480 319753
5481 373520
5482 322106
5483 309532
5484 373520
5485 309618
5486 314241
5488 289542
5489 324617
5490 324617
5491 335508
5493 316842
5494 291800
5495 329556
5496 316842
5497 329349
5498 303359
5499 303215
5500 303215
5501 315532
5502 315335
5503 315532
5504 313227
5505 303359
5506 376274
5508 298754
5509 365897
5510 303215
5511 323736
5512 365897
5513 315532
5515 323736
5516 279383
5517 365897
5518 365897
5519 303215
5520 279383
5521 223248
5522 365897
5523 279383
5524 303215
5525 279383
5526 313227
5528 376274
5529 303215
5530 313227
5531 376274
5532 323736
5533 303215
5534 313227
5535 313227
5536 267309
5537 231702
5538 323736
5539 303215
5540 298754
5541 375045
5542 310795
5543 303359
5544 298754
5545 287849
5546 312403
5547 376985
5548 312552
5549 333546
5550 287849
5551 312552
5552 287849
5553 287849
5554 115514
5555 374112
5556 322414
5557 374112
5558 98529
5560 121950
5562 298754
5563 303359
5564 315532
5565 298754
5566 303215
5567 241598
5568 266612
5569 222566
5570 298754
5571 303359
5573 219292
5574 266612
5575 241598
5576 241598
5577 257096
5578 234488
5579 337811
5580 329251
5581 329045
5582 316398
5583 316549
5584 329251
5585 311138
5586 332037
5589 106167
5590 96365
5591 112978
5593 97804
5594 313227
5595 365897
5596 117160
5597 96365
5598 122674
5599 117160
5600 112978
5601 96365
5602 162369
5603 104868
5604 127497
5605 122946
5606 307053
5607 171088
5608 180620
5609 126391
5610 109385
5611 126391
5612 100768
5613 122886
5614 333546
5615 312552
5616 304612
5617 309160
5618 383652
5620 298754
5621 103043
5622 103043
5623 117617
5624 96365
5625 119272
5626 112978
5627 122674
5628 117617
5629 117160
5630 315335
5631 164536
5632 154618
5633 140342
5634 154618
5636 217295
5637 140342
5638 173703
5639 142438
5640 170626
5643 285732
5644 384826
5645 309890
5646 298754
5647 315532
5648 303359
5649 298754
5650 303215
5651 270670
5652 276447
5653 287553
5654 279383
5655 313227
5657 365897
5658 365897
5659 315532
5660 292246
5661 252923
5662 330323
5663 393912
5664 312758
5665 376274
5666 365897
5669 323736
5670 303215
5671 303215
5672 342386
5674 339885
5675 329021
5676 397037
5677 241598
5678 303215
5680 315335
5681 298754
5682 315335
5683 313227
5684 303359
5685 313227
5686 313227
5687 365897
5688 303359
5689 323736
5690 298754
5691 325711
5692 377700
5693 334179
5694 323331
5696 334179
5697 313145
5698 325507
5699 377700
5700 323331
5701 296488
5702 317045
5703 296488
5705 376274
5706 315532
5707 313227
5708 298754
5709 365897
5710 315532
5713 365897
5714 298754
5715 365897
5716 222566
5717 298754
5718 303359
5719 313227
5720 319753
5721 373520
5722 309679
5723 330480
5724 284976
5725 277074
5726 227203
5727 239373
5728 239373
5729 373520
5730 266373
5731 347424
5732 336146
5733 151849
5734 161589
5735 310582
5736 279383
5738 315532
5739 313227
5740 313227
5741 313227
5742 365897
5743 315335
5744 279383
5745 219292
5746 222566
5747 336835
5749 319174
5751 294087
5752 226241
5753 347274
5754 286933
5756 323857
5758 382159
5759 291800
5760 166430
5761 146377
5762 150815
5763 175769
5764 156457
5765 219879
5766 166494
5767 156457
5768 156457
5769 180782
5770 175769
5771 219879
5772 173331
5773 151853
5774 172656
5777 309279
5778 319492
5779 345318
5780 138964
5781 183523
5782 144108
5783 336568
5784 323429
5785 401359
5786 296979
5787 288744
5788 284738
5789 389252
5790 389252
5791 344400
5792 333221
5794 291271
5796 328959
5797 392286
5798 328753
5799 392286
5800 311467
5801 326556
5802 328753
5803 311467
5804 121532
5805 117194
5806 117194
5807 122007
5808 123723
5809 101454
5810 99961
5811 321486
5813 329844
5814 98183
5815 124988
5816 115110
5817 115110
5818 98183
5819 119836
5820 104987
5822 121522
5823 119370
5824 108171
5826 104987
5828 99649
5829 124988
5830 119836
5831 152019
5832 328639
5834 111630
5835 132896
5836 384826
5837 285732
5838 322501
5839 322704
5840 277588
5841 285505
5842 331093
5843 273737
5844 247089
5845 108636
5846 120353
5847 152674
5848 152674
5849 100079
5850 100079
5851 122046
5852 100079
5853 120353
5854 108636
5855 108636
5859 384280
5860 322246
5861 330624
5864 98416
5865 98416
5866 401769
5867 355474
5868 355474
5869 355474
5871 326604
5872 335095
5875 314003
5876 289185
5878 318527
5879 331309
5880 328889
5881 395088
5882 339922
5883 348638
5884 405218
5885 326694
5886 339804
5888 334464
5889 230241
5890 276446
5891 272611
5892 304286
5893 319028
5894 260215
5895 206809
5896 329731
5897 329420
5898 367697
5899 126570
5900 133350
5901 486943
5902 152211
5903 126570
5905 154352
5906 315335
5907 303215
5908 323736
5909 313227
5910 303359
5911 298754
5912 315532
5913 185914
5914 289121
5915 289121
5916 257355
5917 323143
5918 106434
5919 127995
5920 127497
5921 398182
5922 162369
5923 162369
5924 162369
5925 112135
5927 127497
5928 129796
5929 112135
5931 117160
5933 119272
5934 119272
5935 97804
5936 112978
5937 103043
5939 103043
5940 117160
5941 122674
5942 117617
5943 117617
5944 103043
5945 117617
5946 117617
5947 117160
5948 112978
5950 117160
5951 96365
5952 149204
5953 97804
5955 119272
5956 97804
5957 123689
5958 123689
5959 117162
5960 99934
5961 117162
5962 101426
5963 101426
5964 101426
5965 106859
5967 315335
5968 315532
5969 323736
5970 323736
5972 298754
5973 298754
5974 298754
5975 315532
5976 303215
5977 365897
5978 313227
5979 303359
5980 315532
5981 315532
5983 117160
5984 112978
5985 117763
5986 140198
5987 121334
5988 136311
5989 346531
5990 111776
5991 136311
5992 121334
5993 110132
5994 134420
5995 129118
5996 136311
5997 140198
5998 170519
5999 111776
6000 333615
6001 320793
6002 342503
6003 236190
6004 335702
6005 317148
6006 317148
6007 202788
6008 166147
6009 201999
6010 205641
6011 211506
6012 166147
6013 183047
6014 177660
6015 201999
6016 166147
6017 211506
6018 257248
6019 202788
6020 324609
6021 324609
6022 371394
6023 329051
6025 399934
6026 281012
6027 393775
6030 313327
6032 327796
6033 330208
6034 312649
6035 327796
6036 317469
6037 284654
6038 250300
6039 319137
6041 323429
6042 298008
6044 336568
6047 328639
6048 339330
6049 341612
6050 396389
6051 407630
6052 396389
6053 328639
6054 387851
6055 316679
6056 316679
6057 316679
6058 321561
6059 126391
6062 101076
6063 122886
6064 102403
6065 309193
6066 309046
6067 339812
6068 362637
6069 339651
6070 292292
6071 227449
6072 378965
6073 372704
6074 363032
6075 349080
6076 349245
6077 433190
6078 321722
6079 226552
6080 247439
6081 312475
6082 256232
6083 295985
6084 260390
6085 363032
6086 363260
6087 363260
6088 349080
6089 372704
6090 291188
6091 294128
6092 247439
6093 349245
6094 363032
6095 363260
6096 349080
6097 372704
6099 343943
6100 349080
6101 372704
6103 363032
6104 300406
6105 349245
6107 360606
6108 316998
6109 317148
6110 327465
6111 329668
6112 317148
6113 316998
6114 124693
6116 271423
6117 267429
6118 340439
6119 340439
6120 271423
6121 394800
6122 364334
6123 369774
6124 302565
6125 301388
6126 356689
6127 354083
6128 342928
6129 342765
6130 356465
6132 337722
6133 295817
6134 321051
6135 316328
6137 207193
6138 321972
6139 383953
6140 319620
6141 231146
6142 282122
6143 357887
6144 282122
6145 385675
6146 319757
6147 290807
6148 217553
6149 285656
6150 325028
6151 299338
6152 320093
6153 336187
6154 314877
6155 501140
6156 497479
6157 501140
6158 323736
6159 303359
6160 150262
6161 148178
6163 142333
6164 129817
6165 154548
6166 150262
6167 322246
6168 384280
6169 322246
6170 322246
6171 319892
6173 305110
6174 339312
6175 353096
6176 409456
6177 350516
6178 339473
6179 350516
6180 271420
6181 315335
6182 315335
6183 303359
6184 365897
6185 303215
6186 313227
6187 365897
6188 376274
6189 322654
6190 327628
6191 340561
6192 349634
6193 326399
6194 324218
6195 289185
6196 313854
6197 324218
6198 324218
6199 314003
6200 378736
6201 314003
6202 309236
6203 324218
6204 204801
6206 168385
6207 155076
6208 332021
6209 102147
6210 296145
6211 112537
6213 321408
6214 158156
6215 124189
6216 124189
6217 321561
6218 343160
6219 321408
6220 387851
6221 109226
6223 124189
6225 112537
6226 298754
6227 303359
6229 187595
6230 142048
6231 154238
6232 309193
6233 304499
6234 142048
6235 129556
6236 154238
6237 122970
6238 321399
6239 338285
6240 395169
6241 322654
6242 340775
6243 327628
6244 327628
6245 349634
6246 406376
6247 275923
6248 349634
6249 338285
6250 350714
6251 302664
6252 328483
6253 323650
6254 396389
6255 298754
6256 365897
6257 323736
6258 338171
6259 349171
6260 333037
6261 360886
6262 349171
6263 338010
6264 252133
6265 226350
6266 419453
6267 360886
6268 349171
6269 338171
6270 419453
6271 333037
6272 338010
6273 351520
6274 338010
6275 338171
6276 333884
6277 334093
6278 316328
6279 235585
6280 398408
6281 398408
6282 276286
6283 236380
6286 304887
6287 298754
6289 298754
6290 303359
6291 298754
6292 476775
6293 410890
6294 408145
6295 490297
6296 395098
6297 364044
6298 410890
6299 310669
6301 305953
6302 331536
6303 286115
6304 320775
6305 310669
6306 320775
6307 374714
6308 342086
6309 355590
6310 353214
6311 315048
6312 342086
6313 342086
6314 365064
6315 353214
6316 315048
6317 412607
6318 315048
6319 336893
6320 327463
6321 314877
6324 325964
6325 313436
6326 334648
6327 325964
6328 388958
6329 323786
6330 323786
6331 269732
6332 325964
6333 326168
6334 383602
6335 313210
6336 330800
6337 330593
6338 330593
6339 328383
6340 330593
6341 333062
6342 386225
6343 294904
6344 294904
6345 333062
6346 333062
6347 323736
6348 388766
6351 322319
6352 322166
6353 296844
6354 380246
6355 327906
6358 315256
6359 327906
6360 310470
6361 290339
6362 327701
6363 323736
6364 365897
6365 298754
6366 323736
6367 313227
6368 315532
6369 376274
6370 313227
6371 279383
6372 376274
6373 313227
6374 298754
6375 298754
6376 376274
6377 303215
6378 303359
6379 376274
6380 303359
6381 315335
6382 298754
6383 303215
6384 341612
6385 328483
6386 328639
6388 396389
6389 302664
6390 407630
6392 396389
6393 396389
6394 328639
6395 341827
6396 328483
6397 302664
6398 302664
6399 407630
6400 407630
6401 224122
6403 303215
6405 323736
6406 303215
6407 376274
6408 303359
6409 303215
6410 315335
6411 315335
6412 279383
6413 303359
6414 376274
6415 338408
6416 325402
6417 325402
6418 338620
6419 336146
6420 403806
6421 336146
6422 320614
6424 339804
6425 265372
6426 321735
6427 337322
6428 405218
6429 337322
6430 323736
6431 376274
6432 279383
6433 303215
6434 323736
6435 315335
6436 376274
6437 313227
6438 341612
6439 328483
6440 328639
6443 350714
6444 407630
6445 328483
6446 328483
6447 328639
6448 339330
6451 339330
6452 324758
6453 280265
6454 316331
6455 367053
6456 304318
6457 316529
6458 313227
6459 365897
6460 365897
6461 279383
6462 323736
6463 298754
6464 315335
6465 298754
6467 298754
6468 214929
6469 222497
6470 313227
6471 323736
6473 298754
6474 376274
6475 321972
6476 285084
6477 304851
6478 373364
6479 316331
6480 324758
6482 314217
6483 314217
6484 303359
6485 365897
6486 279383
6487 298754
6488 303215
6489 203049
6490 303359
6491 315532
6492 303359
6493 298754
6494 365897
6495 303215
6496 279383
6497 303215
6498 315532
6499 376274
6500 303359
6501 303359
6502 303215
6504 279383
6505 279383
6506 298754
6507 365897
6509 319757
6510 319605
6511 254658
6512 294484
6513 396613
6514 319757
6515 207423
6516 214025
6517 421127
6518 363160
6519 343849
6521 321320
6522 348983
6523 349149
6524 349149
6525 372601
6528 360507
6529 362932
6530 348983
6531 362932
6532 331492
6534 383746
6535 330924
6536 313327
6537 302067
6538 374832
6539 360425
6540 375067
6541 355122
6542 360597
6543 264560
6544 375067
6546 360597
6547 332096
6548 331298
6549 333736
6550 315990
6552 333527
6553 387007
6554 342413
6555 320708
6556 342413
6557 315990
6558 315990
6559 329349
6560 327148
6561 316842
6562 338124
6563 316691
6564 327148
6565 382159
6566 312032
6567 327148
6568 329556
6569 316691
6570 279383
6571 338980
6572 383146
6574 266283
6575 329581
6576 312188
6577 312188
6578 298874
6579 91555
6580 92971
6581 166020
6583 217574
6584 165546
6585 168369
6586 135340
6587 108102
6588 97859
6589 106958
6590 108431
6591 107087
6592 123220
6595 122990
6596 107146
6597 152884
6598 105350
6599 105651
6601 122322
6602 138459
6603 113763
6604 107146
6605 105651
6606 139573
6607 116814
6608 138459
6609 133611
6610 116814
6611 138459
6612 133611
6613 107146
6614 133611
6615 105651
6616 104042
6617 105651
6618 96070
6619 97429
6620 125903
6621 121494
6622 97429
6623 126916
6624 121978
6625 97429
6627 105350
6628 113763
6629 105350
6630 116814
6631 134143
6632 105350
6633 105350
6634 107146
6636 94967
6638 95239
6639 113763
6640 133611
6641 138459
6642 139573
6643 107146
6644 107146
6645 113763
6646 105651
6647 115130
6648 104128
6649 103831
6650 112122
6651 104128
6652 123220
6653 105350
6654 107146
6655 107146
6656 107146
6657 139573
6658 104042
6659 113763
6661 109647
6663 125913
6664 125414
6665 125913
6667 97659
6668 131010
6669 109647
6670 138459
6671 105651
6672 139573
6674 139573
6676 139573
6677 138459
6678 104042
6680 138459
6681 133611
6682 134143
6683 116814
6684 138459
6685 111203
6686 126494
6687 107087
6688 122322
6689 113763
6692 134143
6693 122990
6694 124924
6695 129457
6696 106366
6697 102144
6698 127880
6699 127373
6700 100432
6701 102144
6702 133057
6706 99328
6707 96738
6708 124231
6709 129774
6710 124231
6713 98004
6714 122861
6716 95292
6717 127835
6718 150677
6719 152809
6720 163319
6721 164634
6722 158228
6723 137788
6724 126384
6726 126384
6727 123801
6728 128813
6729 98886
6730 97506
6731 134605
6732 131962
6734 243825
6735 236763
6737 128077
6738 168329
6739 142014
6740 168329
6741 106744
6742 108255
6743 108255
6744 150517
6745 125973
6746 113935
6747 149316
6748 113610
6749 122683
6750 112200
6751 122683
6753 113935
6754 112200
6755 115547
6756 258584
6757 258584
6759 135635
6760 101920
6761 114431
6762 109219
6763 98500
6764 130411
6765 99510
6766 126346
6767 110024
6768 100918
6769 126346
6770 110024
6772 110024
6773 100918
6774 99510
6775 107927
6776 106588
6777 116546
6778 109768
6779 136880
6780 119672
6781 106588
6782 108236
6783 130017
6784 100613
6785 97699
6786 98926
6787 100613
6788 97699
6789 100613
6790 100613
6791 98926
6792 100613
6793 97399
6794 112440
6795 114178
6796 115794
6797 107579
6798 107579
6799 102542
6800 105601
6801 104128
6803 102542
6804 105601
6805 103831
6806 122822
6807 92971
6808 118043
6809 92971
6810 118043
6811 92971
6812 122822
6813 92971
6814 127607
6815 121407
6816 104636
6818 122642
6819 127607
6820 104009
6821 96318
6822 96593
6823 96318
6824 127607
6825 104009
6826 122748
6827 145493
6828 146663
6829 119542
6830 140398
6831 111018
6832 277018
6833 143575
6835 114874
6836 107479
6837 107479
6841 122687
6842 97013
6843 140384
6844 112934
6845 136610
6846 128447
6847 128447
6848 131827
6849 118043
6850 94287
6851 92706
6852 92971
6854 102794
6856 117575
6859 117575
6860 94287
6861 122822
6863 110818
6865 108878
6866 101875
6867 123849
6868 101875
6869 101875
6870 108878
6871 123849
6872 108878
6873 108878
6874 126329
6875 123849
6876 108878
6879 145443
6880 115630
6881 115630
6882 116368
6883 117223
6886 108914
6887 121721
6888 108914
6889 115208
6890 114369
6891 114369
6892 107007
6893 101875
6894 123849
6895 101875
6896 126329
6897 116368
6898 117223
6900 101875
6901 145443
6902 101875
6904 110818
6905 117223
6906 117223
6907 133252
6910 131720
6911 111128
6912 111128
6913 108226
6914 127614
6916 98979
6917 101875
6918 110818
6919 126329
6920 115630
6922 105877
6923 112443
6924 107641
6925 99837
6926 101539
6927 110701
6928 110392
6929 123373
6930 99837
6931 100123
6932 123358
6933 96058
6934 128862
6935 97544
6936 105033
6938 97544
6939 184595
6940 154494
6942 335504
6943 338204
6944 255276
6945 275661
6946 121610
6947 111310
6949 100517
6950 143504
6951 98069
6952 112021
6953 112844
6954 103510
6956 110631
6957 105355
6958 112633
6959 104810
6960 106679
6961 114561
6964 108431
6965 117726
6966 124380
6967 116868
6971 96200
6972 96475
6973 106450
6974 118967
6975 118967
6976 118043
6977 117575
6978 92971
6979 102507
6980 92971
6981 100109
6982 94287
6983 126433
6984 127450
6985 103882
6986 96475
6987 97786
6988 127450
6989 116855
6990 100712
6991 108431
6993 121841
6994 102794
6995 102794
6996 92706
6997 117575
6998 100109
7002 133264
7003 126135
7004 124420
7005 125899
7007 125215
7009 102794
7011 100109
7012 91555
7013 252569
7015 255570
7016 132139
7017 125719
7018 98501
7019 126494
7020 134535
7021 94235
7022 100712
7024 125719
7025 108352
7026 106958
7027 122822
7028 122822
7030 102507
7031 108229
7032 91555
7034 116855
7035 106958
7036 108431
7037 94235
7038 107641
7039 116439
7040 123251
7041 115072
7042 116855
7043 108229
7044 100712
7045 100712
7046 100712
7047 100712
7048 94235
7049 102507
7050 94235
7051 134535
7052 100712
7053 116855
7054 94235
7055 124460
7056 104165
7057 95491
7058 92776
7059 109076
7060 101444
7061 123466
7063 109076
7064 92776
7065 106122
7066 99297
7067 108014
7068 108014
7069 91555
7070 107641
7071 102507
7072 92706
7073 92706
7075 100109
7076 128387
7077 128387
7078 108316
7079 124384
7080 129420
7081 96474
7082 124384
7083 97686
7084 96474
7085 129420
7087 125613
7089 116855
7090 106958
7091 108431
7092 114561
7093 114561
7095 114561
7096 107641
7097 108229
7098 116855
7099 111072
7101 104586
7102 102794
7103 117575
7104 172205
7105 138792
7106 120620
7107 136906
7108 138533
7109 172205
7110 136906
7111 116855
7112 108431
7114 100712
7115 108229
7116 130472
7117 123491
7118 122591
7119 123454
7120 131947
7123 102882
7125 116855
7126 108229
7129 94287
7130 121841
7131 121841
7132 91555
7134 127805
7135 121930
7137 103817
7139 94946
7140 103817
7141 126354
7142 96415
7143 106601
7144 103817
7145 96140
7146 106601
7147 122415
7148 103817
7149 126354
7150 121930
7151 105520
7152 124424
7153 129461
7154 96504
7155 128428
7156 109829
7157 122744
7158 98095
7159 110137
7160 131595
7161 98095
7162 125032
7163 140380
7164 126603
7165 160565
7166 126965
7168 166391
7169 136713
7170 166391
7171 160565
7172 143243
7173 125251
7174 100044
7176 114214
7177 101977
7178 102268
7179 130322
7180 109856
7181 117407
7182 109856
7183 124688
7184 133552
7186 119500
7187 137611
7188 109856
7189 94003
7190 123546
7191 123546
7192 119694
7193 123546
7194 92836
7195 104232
7196 123546
7197 124540
7198 94003
7199 94271
7200 92836
7201 124540
7202 104232
7203 95605
7204 118043
7205 117575
7206 117575
7207 122822
7208 92706
7209 94287
7210 120247
7214 96835
7215 110550
7216 111154
7217 120013
7218 97179
7219 138739
7220 106007
7221 111611
7223 121250
7224 105711
7225 125649
7226 95877
7227 125135
7228 120753
7229 105572
7230 96781
7231 138171
7232 120013
7234 117657
7235 111362
7236 110550
7237 98880
7238 131589
7239 132648
7240 127487
7241 104428
7242 141718
7243 105641
7244 107274
7246 109577
7247 122461
7248 122461
7249 143813
7251 109577
7252 122461
7253 115693
7254 146322
7256 161565
7257 123103
7258 128448
7259 120947
7260 151197
7261 117004
7262 115371
7263 99356
7264 123206
7265 106186
7266 114111
7267 114111
7268 112771
7269 113491
7270 113491
7271 114561
7272 108229
7273 116855
7274 100712
7275 116772
7276 108459
7277 116554
7278 116554
7279 115185
7280 108459
7281 116772
7282 110392
7283 110392
7284 124459
7285 120787
7286 113491
7287 102507
7288 114561
7289 100712
7290 100712
7291 116855
7292 102507
7293 116855
7294 108431
7296 109773
7297 103362
7299 117575
7300 100712
7301 94235
7302 113489
7303 122306
7304 122306
7305 113489
7306 111947
7307 105410
7308 107289
7309 107289
7310 140810
7311 103439
7312 115602
7313 95091
7314 115602
7315 103439
7316 109213
7317 109417
7318 95091
7319 95091
7320 103439
7321 109635
7322 110233
7323 110233
7324 119019
7325 116682
7326 103294
7327 111212
7328 116855
7329 108431
7330 119683
7331 121105
7332 114703
7333 105446
7334 114703
7335 112694
7336 121105
7337 128191
7338 112694
7340 148193
7341 150484
7342 163014
7343 166384
7344 150484
7345 163014
7347 190309
7348 150055
7349 197214
7350 198801
7351 150484
7354 131214
7355 110701
7356 126620
7357 102120
7358 105166
7359 103699
7361 114655
7362 135900
7363 131142
7364 121561
7365 97429
7366 120816
7367 110584
7368 120816
7369 105982
7370 110584
7371 112107
7372 111898
7373 120816
7374 111290
7375 111898
7376 139096
7377 105982
7378 112107
7379 94235
7380 107641
7381 119851
7382 96651
7383 105136
7384 109700
7385 96651
7386 103294
7387 105136
7388 111212
7390 145201
7391 158637
7392 119935
7393 171226
7394 201953
7395 202331
7396 187927
7397 213769
7398 213769
7399 218049
7401 334977
7402 415619
7403 353912
7404 120479
7405 146642
7406 127371
7407 118189
7408 101049
7409 116583
7410 118189
7411 118189
7412 118467
7413 133367
7416 133367
7417 112518
7418 146057
7419 116118
7420 126863
7421 109337
7422 92706
7423 102794
7424 121841
7425 94287
7426 95269
7427 118800
7428 123111
7429 93940
7431 118800
7432 101152
7433 95269
7434 119273
7435 103865
7436 130819
7437 99822
7438 126741
7439 101234
7440 126741
7441 131872
7442 131872
7443 107486
7444 107486
7445 99537
7446 99822
7447 101234
7448 144448
7449 123002
7451 130819
7452 99822
7453 110369
7454 98302
7455 126239
7456 93730
7457 118874
7458 123187
7460 118043
7461 121841
7462 102794
7463 121841
7464 121841
7466 122822
7467 92706
7468 100109
7469 91555
7470 92971
7471 122822
7472 102794
7473 122822
7476 122822
7477 100109
7478 118043
7479 92706
7480 92971
7481 102794
7482 277886
7483 126285
7484 126285
7485 131920
7486 118043
7487 92971
7488 117575
7489 100109
7490 94287
7491 100109
7492 118043
7493 91555
7494 92971
7495 92706
7496 118043
7497 102794
7498 117575
7499 92971
7501 92706
7503 105255
7504 103786
7505 114752
7506 136015
7507 131252
7508 103786
7509 151640
7510 155707
7511 140426
7512 140426
7513 235506
7514 100784
7515 111751
7516 133524
7517 101072
7518 133524
7519 99533
7520 100784
7521 108832
7522 111751
7523 133524
7524 127821
7525 128329
7526 127821
7527 101072
7530 91555
7531 91555
7532 102794
7533 91555
7534 92706
7535 282387
7536 219022
7538 127035
7539 100165
7540 111065
7542 267559
7543 103403
7544 105166
7545 103403
7546 101603
7547 95694
7549 124655
7550 124655
7551 101603
7553 102215
7554 126234
7555 102890
7556 102890
7557 102890
7558 152469
7559 115412
7560 151252
7562 133704
7563 105423
7564 139671
7565 107221
7567 133704
7568 107221
7569 114528
7570 139671
7572 124495
7573 99836
7574 98162
7575 98443
7576 96944
7577 106001
7578 129012
7579 98162
7580 124990
7581 108844
7582 124990
7583 102368
7584 108690
7585 132285
7586 100652
7587 108690
7588 154829
7589 123669
7590 120087
7591 121596
7592 121944
7593 131306
7594 159811
7595 154215
7596 159811
7597 161097
7598 131306
7599 123669
7600 97886
7601 92971
7603 118043
7604 122822
7605 92706
7606 94946
7607 121930
7608 94946
7609 134518
7610 144845
7611 124781
7612 96781
7614 99613
7615 106461
7616 99613
7618 188469
7619 213916
7622 215282
7623 233710
7624 216458
7625 216863
7626 188469
7627 201424
7628 216863
7629 205014
7630 205014
7631 229121
7632 110450
7633 111972
7634 121897
7635 120670
7636 111156
7637 111972
7638 144145
7639 125202
7640 107906
7641 144145
7643 118652
7645 112094
7646 110088
7647 109389
7648 117164
7649 104837
7650 109389
7651 103001
7652 275692
7653 116855
7654 106958
7655 111305
7656 105224
7657 110494
7658 103382
7659 96732
7660 117457
7661 131269
7662 124245
7664 124013
7665 106227
7666 122557
7667 117457
7668 111894
7669 105781
7670 118220
7671 111079
7672 118220
7673 121300
7674 95970
7675 125015
7676 104630
7677 104630
7678 136937
7680 124017
7681 120151
7682 94361
7683 120151
7684 221292
7685 105059
7686 120005
7687 120886
7688 119243
7689 119243
7690 110916
7691 140670
7692 112745
7693 129488
7695 128785
7696 122643
7697 127967
7698 97725
7699 112237
7700 106304
7702 103354
7703 114601
7707 112151
7708 112151
7709 97468
7710 118491
7711 121264
7713 97791
7714 106375
7715 110994
7716 110994
7717 97791
7718 139612
7719 111703
7720 112523
7721 134535
7722 100712
7723 108229
7724 107641
7725 102507
7726 108229
7727 100712
7728 107641
7729 100712
7730 106958
7731 100712
7732 108431
7733 134535
7734 106958
7735 114561
7736 108431
7737 100712
7738 116855
7739 108229
7740 109417
7741 109417
7742 137628
7743 119542
7744 104864
7745 102507
7746 100712
7747 114561
7748 102507
7749 108229
7750 211454
7755 161114
7756 168109
7757 104545
7758 109084
7759 111961
7760 134535
7761 100712
7762 107641
7763 114561
7764 135095
7765 145590
7766 134111
7768 167618
7769 117407
7770 145590
7771 125478
7772 102507
7773 116855
7774 116855
7776 102507
7777 116855
7778 100712
7779 108229
7784 114561
7785 108229
7786 102507
7787 107641
7790 102507
7791 100712
7792 107641
7793 108431
7794 112170
7795 97484
7796 139174
7797 106042
7798 111353
7799 118511
7801 107641
7802 134535
7803 102507
7804 107641
7805 100712
7807 137463
7808 102904
7810 116271
7811 110050
7812 102507
7813 107641
7814 94235
7815 107641
7816 94235
7817 116855
7818 102507
7819 94235
7820 100712
7822 108229
7825 102507
7826 94235
7828 107641
7830 116855
7831 100712
7832 114561
7833 134535
7834 102507
7835 108229
7836 116855
7837 94235
7838 110602
7839 137485
7840 129089
7841 128270
7842 129089
7843 115427
7844 113858
7845 231453
7846 100314
7847 115211
7848 121952
7849 109765
7850 115891
7851 284746
7852 264220
7853 208347
7854 267559
7856 237989
7857 106958
7858 107641
7859 114561
7860 114561
7861 114561
7862 102507
7863 94235
7864 100712
7865 134535
7866 100712
7867 102507
7868 108431
7869 102507
7870 108431
7871 106958
7872 107641
7873 94235
7874 107641
7875 134535
7876 108229
7877 133440
7878 103498
7880 103458
7881 112541
7882 112541
7885 112541
7886 117427
7887 128293
7888 117427
7889 147703
7890 110570
7891 112541
7892 118177
7894 112879
7895 118532
7896 118532
7898 126152
7899 117780
7900 113301
7901 106014
7902 121757
7903 112357
7904 127527
7905 129042
7906 129284
7908 109993
7909 108498
7910 103984
7911 95592
7912 116211
7913 136473
7914 103984
7915 114561
7916 100712
7917 108229
7919 182599
7920 145169
7923 220767
7924 217405
7925 237717
7926 220031
7927 256620
7928 216458
7929 216458
7930 216458
7931 188469
7932 215282
7933 201424
7934 229121
7935 229121
7936 201424
7937 216863
7939 215282
7940 205014
7941 188469
7942 213916
7943 205014
7944 201424
7945 215282
7946 188469
7947 233710
7948 216458
7949 228040
7950 159730
7951 182454
7952 194183
7953 228040
7954 198071
7955 173752
7956 183450
7958 259144
7959 238711
7961 123760
7962 142404
7963 142138
7964 141367
7965 140650
7966 114586
7968 98572
7969 109659
7970 143921
7971 143921
7972 143921
7973 107739
7974 143921
7975 143921
7977 233154
7978 95917
7979 109563
7980 110368
7981 136937
7982 104338
7983 104338
7984 102511
7985 110368
7986 95917
7987 108868
7988 110161
7989 108868
7991 104338
7992 96198
7993 110484
7994 110484
7995 119289
7996 109186
7997 104643
7998 104643
7999 115256
8000 100165
8001 108959
8002 121771
8003 143002
8004 115040
8005 115040
8006 115256
8007 124209
8008 113689
8009 114416
8010 114416
8011 124209
8012 124209
8013 114416
8014 100165
8015 108959
8016 143002
8017 113689
8018 124209
8019 113689
8020 108431
8021 106958
8022 116855
8023 106958
8024 123347
8025 114241
8026 114241
8027 99470
8028 142009
8029 106307
8030 114455
8033 114455
8034 106307
8035 114241
8036 108202
8037 98722
8038 105508
8039 112767
8040 120016
8041 107389
8042 113383
8043 105508
8044 122419
8045 105508
8046 107389
8047 105508
8048 112767
8049 107389
8050 107389
8051 107389
8052 107389
8053 105508
8055 134535
8056 108431
8057 114561
8058 134535
8059 108229
8060 108431
8061 94235
8063 134535
8064 106958
8065 134535
8066 106958
8067 108431
8069 94235
8071 108229
8074 110437
8076 117536
8077 111040
8078 111040
8079 109736
8080 109736
8081 96682
8082 119890
8083 214874
8084 119493
8085 110072
8086 106958
8087 121841
8088 100712
8089 107641
8090 114561
8091 92706
8092 118043
8093 92706
8094 102794
8095 118043
8096 107641
8097 116855
8098 107641
8099 100712
8100 117575
8101 94287
8102 122822
8103 92971
8104 119334
8105 124250
8106 93784
8107 94052
8108 103989
8109 124250
8111 94052
8112 94052
8113 92620
8114 94052
8115 93784
8116 119416
8117 139123
8118 138109
8119 137233
8120 120908
8121 120908
8122 138109
8123 138109
8124 129219
8125 137233
8126 137243
8127 109808
8129 104570
8130 124294
8131 93398
8132 104863
8133 102124
8134 96414
8135 106906
8136 106906
8137 121841
8138 122822
8139 100109
8140 106958
8142 122822
8143 92706
8144 100109
8146 114138
8147 112587
8148 141616
8149 102507
8150 134535
8151 102507
8152 108229
8153 108229
8154 100712
8155 134438
8156 164939
8157 157893
8158 138043
8159 163622
8160 164939
8161 126619
8162 164939
8163 121234
8164 126141
8165 103434
8166 117657
8167 121234
8168 101021
8169 101021
8170 98095
8172 110137
8174 128254
8175 96374
8176 97864
8178 129148
8179 134376
8180 112464
8182 100168
8183 109527
8184 275070
8185 93638
8186 118419
8187 117575
8188 92971
8189 92706
8190 122822
8192 117575
8194 121841
8196 122822
8197 102794
8198 117575
8199 94287
8200 117575
8201 100109
8202 92706
8204 118043
8205 100109
8206 134689
8208 104882
8209 140700
8210 106200
8211 114681
8212 104882
8213 134689
8214 140700
8215 110228
8218 108431
8219 108431
8220 117314
8221 135942
8223 140200
8224 139081
8225 114273
8226 122091
8227 110161
8228 136937
8229 102511
8230 126184
8231 117575
8232 116855
8233 91555
8234 117575
8235 92971
8236 134535
8237 106958
8238 229184
8239 227812
8240 101215
8242 98598
8243 116554
8244 115185
8245 101483
8246 108459
8247 144884
8248 107810
8249 125844
8250 123373
8251 115921
8252 123373
8253 123373
8254 125844
8255 128540
8256 117654
8257 128540
8258 261446
8259 259541
8260 276225
8261 247162
8262 138492
8263 138492
8264 97006
8265 118603
8266 136548
8268 104041
8269 104041
8270 109848
8271 109252
8272 110054
8273 110054
8274 109848
8275 104041
8276 110054
8277 94235
8278 102507
8279 114561
8280 114136
8281 120732
8282 149797
8283 130111
8284 120506
8285 127557
8286 130111
8287 114136
8288 119091
8289 119852
8290 130111
8291 103168
8292 109567
8293 111076
8294 110868
8295 137816
8296 119140
8297 135226
8298 144838
8299 150533
8300 151495
8301 151495
8302 112178
8303 103125
8304 103125
8306 128667
8307 120101
8308 96852
8309 96852
8310 138272
8312 138272
8313 138272
8314 110631
8315 97600
8316 110392
8317 123373
8320 116772
8321 116554
8323 98004
8324 119143
8325 98004
8326 112558
8327 121529
8328 106607
8329 112900
8330 241607
8332 231143
8333 122822
8334 116855
8335 108431
8336 108431
8337 116855
8338 102507
8339 100712
8340 102507
8341 108431
8342 108431
8343 107641
8344 102507
8345 96852
8346 138272
8347 138272
8349 230270
8351 92706
8352 100712
8353 114561
8354 102507
8355 100712
8356 106958
8357 107641
8358 108431
8359 122822
8362 106958
8363 95146
8365 243397
8366 243397
8367 121551
8368 95461
8369 95734
8370 111486
8371 112094
8372 112304
8373 97600
8374 96292
8375 106465
8376 126472
8377 111654
8378 95461
8379 121070
8380 315720
8381 123373
8382 99837
8383 320179
8384 111961
8385 120884
8386 112321
8387 119542
8388 105091
8389 119542
8390 112321
8391 111608
8392 98332
8393 112892
8394 113721
8395 120149
8396 112892
8397 113721
8398 120149
8399 105625
8401 112602
8402 97859
8403 111781
8405 108942
8406 118267
8407 120289
8408 98946
8409 107633
8410 107633
8411 113853
8412 105748
8413 214444
8414 109114
8415 101773
8416 116887
8417 145298
8418 101773
8419 123726
8420 108229
8421 134535
8422 106958
8423 108229
8424 116855
8425 102507
8426 100712
8427 108431
8428 100712
8429 108229
8430 115923
8431 120957
8432 113893
8433 122394
8434 122394
8435 121729
8436 113893
8437 122394
8438 106568
8439 120507
8440 97179
8441 105711
8442 107633
8443 120289
8444 113853
8445 114603
8446 249008
8447 109868
8448 146766
8449 146766
8450 116681
8451 116681
8453 111826
8454 118068
8455 124975
8456 102801
8457 118068
8458 118289
8459 111621
8460 117004
8462 117004
8463 110819
8465 115608
8466 122372
8467 114250
8468 100660
8469 114980
8470 118842
8471 104705
8472 129839
8473 120254
8474 127290
8475 127290
8476 118842
8477 134647
8481 176223
8482 176223
8483 131919
8484 109418
8485 100362
8486 297508
8487 110392
8488 108459
8489 102507
8490 91555
8491 118043
8492 92706
8493 106958
8494 118043
8496 107641
8497 109632
8498 95295
8499 119776
8500 288517
8501 278415
8502 220153
8503 115211
8504 107210
8505 98183
8506 111439
8507 119361
8508 111439
8509 121751
8510 111439
8511 140172
8512 112151
8513 112975
8514 112764
8515 112975
8518 124774
8519 122246
8520 120970
8521 105343
8522 93825
8523 105343
8524 102591
8525 120970
8526 95005
8527 105343
8528 125867
8529 96624
8530 124862
8531 93825
8532 93825
8533 105343
8534 95276
8535 120970
8536 96624
8537 125867
8538 96624
8539 96624
8540 127362
8541 126858
8542 131461
8543 131461
8544 126858
8545 127362
8546 127362
8547 126858
8549 100311
8550 126858
8551 101730
8552 98784
8553 126858
8554 132518
8555 108012
8556 127362
8557 101730
8558 101730
8559 102794
8560 121841
8561 100109
8562 91555
8564 92706
8565 121841
8566 102794
8567 135664
8568 108792
8569 108732
8570 124879
8572 155233
8573 134833
8575 105641
8576 135664
8577 115511
8578 223622
8579 101098
8580 101098
8581 112099
8582 128728
8583 101098
8584 101387
8585 112099
8586 99843
8587 112099
8588 109171
8589 101098
8590 109171
8591 128218
8592 102821
8593 101830
8594 126981
8595 132648
8596 127487
8598 132648
8599 126981
8600 98880
8601 100409
8602 111018
8603 99843
8604 128218
8605 102821
8607 102821
8608 101387
8609 101098
8610 101387
8611 99843
8612 102821
8613 105991
8614 105991
8615 136967
8616 94766
8617 120188
8618 124549
8619 105079
8620 95037
8621 124549
8622 102334
8623 125551
8624 93590
8625 124549
8626 93590
8627 120666
8628 95037
8629 106958
8630 106958
8631 108229
8633 94235
8634 100109
8637 134535
8638 94235
8639 100712
8640 91555
8641 100109
8642 106920
8644 112275
8645 96697
8646 96697
8647 122637
8649 277367
8650 257373
8651 227511
8652 108403
8653 95508
8654 102073
8655 109691
8656 103892
8657 102073
8658 102073
8659 109247
8660 135547
8661 109247
8662 101469
8663 109247
8665 104185
8667 111961
8668 120884
8669 110646
8670 97484
8671 112170
8674 170951
8675 152964
8676 152964
8677 161502
8678 138734
8679 159606
8680 159606
8681 160625
8683 236651
8684 232507
8685 250900
8686 101740
8687 118047
8688 95196
8689 249071
8691 104329
8692 106188
8693 110799
8694 118675
8695 112325
8697 113343
8698 123831
8699 99861
8700 114905
8702 317147
8703 275468
8704 255133
8705 255611
8706 322929
8707 246052
8708 259785
8709 293022
8710 280505
8711 100004
8712 113506
8713 100004
8714 142772
8715 115070
8716 114231
8717 124009
8718 114855
8719 108783
8720 114231
8721 142772
8722 115070
8724 109701
8725 116041
8726 100848
8727 115195
8728 97021
8729 122294
8730 122294
8731 98621
8732 95817
8733 97021
8734 107579
8735 98621
8736 107279
8737 111936
8738 119893
8739 251660
8742 298324
8743 517835
8745 136090
8746 123857
8747 129599
8748 147739
8749 136090
8750 365897
8751 376274
8752 298754
8754 392670
8755 299825
8756 134409
8757 110213
8758 303215
8759 285203
8760 322842
8761 286034
8762 385233
8763 327701
8764 118409
8765 112857
8766 433370
8767 90911
8768 126288
8769 112413
8770 324873
8771 324873
8772 300483
8773 341721
8774 566717
8775 112325
8776 141718
8777 323112
8778 92881
8780 95837
8781 92881
8782 111332
8783 113230
8785 109037
8786 122674
8787 108431
8788 336357
8789 323429
8790 334109
8791 334109
8792 99285
8793 99285
8794 126391
8795 100768
8796 106165
8797 214444
8801 222566
8802 381806
8803 337811
8804 316398
8805 122642
8806 104009
8807 127607
8809 96318
8810 257447
8811 265596
8813 318821
8814 318821
8815 116546
8816 136880
8818 273165
8819 281812
8820 244273
8821 219293
8822 328411
8823 336949
8824 380832
8825 374609
8826 383115
8827 304186
8828 314201
8829 244497
8830 330937
8831 341702
8832 410481
8833 353166
8834 107829
8835 124558
8836 331829
8837 321058
8838 265078
8839 103929
8840 316328
8844 298754
8845 231578
8846 315335
8848 574528
8850 347274
8851 425353
8852 294128
8854 349080
8855 102821
8858 131292
8859 99383
8860 118942
8861 108868
8862 110161
8863 123729
8864 102511
8865 117101
8866 91108
8867 99508
8868 397925
8869 372702
8870 92797
8871 111147
8872 98104
8873 108236
8874 108236
8877 130322
8878 474003
8879 361927
8880 355250
8881 336571
8882 355473
8884 393122
8885 146067
8886 124380
8887 303733
8888 303359
8889 298754
8890 323736
8891 252930
8892 226178
8893 279383
8894 102312
8895 109345
8896 97265
8899 315532
8900 124540
8901 284861
8902 316537
8903 334104
8905 267654
8907 117222
8908 103776
8909 102432
8910 285398
8911 266488
8913 131720
8915 128310
8916 115819
8917 112410
8918 227804
8919 183047
8920 202788
8921 111776
8922 121334
8923 397982
8924 228690
8925 311558
8926 316360
8927 384502
8928 139916
8929 112769
8930 94287
8931 398949
8932 111040
8933 117536
8934 301295
8935 113853
8936 97179
8937 120507
8938 112306
8939 112596
8940 114603
8941 96134
8944 200300
8945 341612
8946 313227
8947 376274
8948 324890
8950 1716726
8953 150459
8954 96058
8955 123358
8956 116279
8957 320462
8959 259628
8960 315335
8961 303359
8962 315532
8963 118511
8964 174374
8965 375654
8966 311449
8968 400292
8969 118242
8970 365897
8971 315335
8973 92706
8974 341290
8975 392988
8977 365897
8978 350163
8979 302189
8980 339473
8982 354060
8983 295574
8984 270223
8985 136880
8986 320966
8987 318821
8988 97600
8989 121028
8990 112094
8991 360608
8992 420392
8994 148724
8995 130464
8996 137746
8997 138004
8999 171226
9000 130464
9001 136998
9002 138004
9003 119935
9004 218049
9005 130464
9006 139159
9007 146926
9008 123649
9009 417251
9010 437486
9011 377267
9012 280366
9013 106013
9014 114138
9015 94235
9016 106958
9017 279383
9018 395088
9019 94287
9020 392411
9021 365897
9022 315532
